(array([3]), array([1]))
(array([3, 2]), array([1, 1]))
(array([3, 2, 1]), array([1, 1, 1]))
(array([3, 2, 1, 1]), array([1, 1, 1, 1]))
(array([3, 2, 1, 1, 3]), array([1, 1, 1, 1, 1]))
(array([3, 2, 1, 1, 3, 1]), array([1, 1, 1, 1, 1, 1]))
(array([3, 2, 1, 1, 3, 1, 1]), array([1, 1, 1, 1, 1, 1, 1]))
(array([3, 2, 1, 1, 3, 1, 1, 1]), array([1, 1, 1, 1, 1, 1, 1, 1]))
(array([3, 2, 1, 1, 3, 1, 1, 1, 3]), array([1, 1, 1, 1, 1, 1, 1, 1, 1]))
(array([3, 2, 1, 1, 3, 1, 1, 1, 3, 3]), array([1, 1, 1, 1, 1, 1, 1, 1, 1, 1]))
(array([3, 2, 1, 1, 3, 1, 1, 1, 3, 3, 1]), array([1, 1, 1, 1, 1, 1, 1, 1, 1, 1, 1]))
(array([3, 2, 1, 1, 3, 1, 1, 1, 3, 3, 1, 2]), array([1, 1, 1, 1, 1, 1, 1, 1, 1, 1, 1, 1]))
(array([3, 2, 1, 1, 3, 1, 1, 1, 3, 3, 1, 2, 3]), array([1, 1, 1, 1, 1, 1, 1, 1, 1, 1, 1, 1, 1]))
(array([3, 2, 1, 1, 3, 1, 1, 1, 3, 3, 1, 2, 3, 3]), array([1, 1, 1, 1, 1, 1, 1, 1, 1, 1, 1, 1, 1, 1]))
(array([3, 2, 1, 1, 3, 1, 1, 1, 3, 3, 1, 2, 3, 3, 2]), array([1, 1, 1, 1, 1, 1, 1, 1, 1, 1, 1, 1, 1, 1, 1]))
(array([3, 2, 1, 1, 3, 1, 1, 1, 3, 3, 1, 2, 3, 3, 2, 2]), array([1, 1, 1, 1, 1, 1, 1, 1, 1, 1, 1, 1, 1, 1, 1, 1]))
(array([3, 2, 1, 1, 3, 1, 1, 1, 3, 3, 1, 2, 3, 3, 2, 2, 2]), array([1, 1, 1, 1, 1, 1, 1, 1, 1, 1, 1, 1, 1, 1, 1, 1, 1]))
(array([3, 2, 1, 1, 3, 1, 1, 1, 3, 3, 1, 2, 3, 3, 2, 2, 2, 3]), array([1, 1, 1, 1, 1, 1, 1, 1, 1, 1, 1, 1, 1, 1, 1, 1, 1, 1]))
(array([3, 2, 1, 1, 3, 1, 1, 1, 3, 3, 1, 2, 3, 3, 2, 2, 2, 3, 1]), array([1, 1, 1, 1, 1, 1, 1, 1, 1, 1, 1, 1, 1, 1, 1, 1, 1, 1, 1]))
(array([3, 2, 1, 1, 3, 1, 1, 1, 3, 3, 1, 2, 3, 3, 2, 2, 2, 3, 1, 1]), array([1, 1, 1, 1, 1, 1, 1, 1, 1, 1, 1, 1, 1, 1, 1, 1, 1, 1, 1, 1]))
(array([3, 2, 1, 1, 3, 1, 1, 1, 3, 3, 1, 2, 3, 3, 2, 2, 2, 3, 1, 1, 2]), array([1, 1, 1, 1, 1, 1, 1, 1, 1, 1, 1, 1, 1, 1, 1, 1, 1, 1, 1, 1, 1]))
(array([3, 2, 1, 1, 3, 1, 1, 1, 3, 3, 1, 2, 3, 3, 2, 2, 2, 3, 1, 1, 2, 2]), array([1, 1, 1, 1, 1, 1, 1, 1, 1, 1, 1, 1, 1, 1, 1, 1, 1, 1, 1, 1, 1, 1]))
(array([3, 2, 1, 1, 3, 1, 1, 1, 3, 3, 1, 2, 3, 3, 2, 2, 2, 3, 1, 1, 2, 2,
       2]), array([1, 1, 1, 1, 1, 1, 1, 1, 1, 1, 1, 1, 1, 1, 1, 1, 1, 1, 1, 1, 1, 1,
       1]))
(array([3, 2, 1, 1, 3, 1, 1, 1, 3, 3, 1, 2, 3, 3, 2, 2, 2, 3, 1, 1, 2, 2,
       2, 1]), array([1, 1, 1, 1, 1, 1, 1, 1, 1, 1, 1, 1, 1, 1, 1, 1, 1, 1, 1, 1, 1, 1,
       1, 1]))
(array([3, 2, 1, 1, 3, 1, 1, 1, 3, 3, 1, 2, 3, 3, 2, 2, 2, 3, 1, 1, 2, 2,
       2, 1, 3]), array([1, 1, 1, 1, 1, 1, 1, 1, 1, 1, 1, 1, 1, 1, 1, 1, 1, 1, 1, 1, 1, 1,
       1, 1, 1]))
(array([3, 2, 1, 1, 3, 1, 1, 1, 3, 3, 1, 2, 3, 3, 2, 2, 2, 3, 1, 1, 2, 2,
       2, 1, 3, 3]), array([1, 1, 1, 1, 1, 1, 1, 1, 1, 1, 1, 1, 1, 1, 1, 1, 1, 1, 1, 1, 1, 1,
       1, 1, 1, 1]))
(array([3, 2, 1, 1, 3, 1, 1, 1, 3, 3, 1, 2, 3, 3, 2, 2, 2, 3, 1, 1, 2, 2,
       2, 1, 3, 3, 3]), array([1, 1, 1, 1, 1, 1, 1, 1, 1, 1, 1, 1, 1, 1, 1, 1, 1, 1, 1, 1, 1, 1,
       1, 1, 1, 1, 1]))
(array([3, 2, 1, 1, 3, 1, 1, 1, 3, 3, 1, 2, 3, 3, 2, 2, 2, 3, 1, 1, 2, 2,
       2, 1, 3, 3, 3, 1]), array([1, 1, 1, 1, 1, 1, 1, 1, 1, 1, 1, 1, 1, 1, 1, 1, 1, 1, 1, 1, 1, 1,
       1, 1, 1, 1, 1, 1]))
(array([3, 2, 1, 1, 3, 1, 1, 1, 3, 3, 1, 2, 3, 3, 2, 2, 2, 3, 1, 1, 2, 2,
       2, 1, 3, 3, 3, 1, 3]), array([1, 1, 1, 1, 1, 1, 1, 1, 1, 1, 1, 1, 1, 1, 1, 1, 1, 1, 1, 1, 1, 1,
       1, 1, 1, 1, 1, 1, 1]))
(array([3, 2, 1, 1, 3, 1, 1, 1, 3, 3, 1, 2, 3, 3, 2, 2, 2, 3, 1, 1, 2, 2,
       2, 1, 3, 3, 3, 1, 3, 3]), array([1, 1, 1, 1, 1, 1, 1, 1, 1, 1, 1, 1, 1, 1, 1, 1, 1, 1, 1, 1, 1, 1,
       1, 1, 1, 1, 1, 1, 1, 1]))
(array([3, 2, 1, 1, 3, 1, 1, 1, 3, 3, 1, 2, 3, 3, 2, 2, 2, 3, 1, 1, 2, 2,
       2, 1, 3, 3, 3, 1, 3, 3, 1]), array([1, 1, 1, 1, 1, 1, 1, 1, 1, 1, 1, 1, 1, 1, 1, 1, 1, 1, 1, 1, 1, 1,
       1, 1, 1, 1, 1, 1, 1, 1, 1]))
(array([3, 2, 1, 1, 3, 1, 1, 1, 3, 3, 1, 2, 3, 3, 2, 2, 2, 3, 1, 1, 2, 2,
       2, 1, 3, 3, 3, 1, 3, 3, 1, 1]), array([1, 1, 1, 1, 1, 1, 1, 1, 1, 1, 1, 1, 1, 1, 1, 1, 1, 1, 1, 1, 1, 1,
       1, 1, 1, 1, 1, 1, 1, 1, 1, 1]))
(array([3, 2, 1, 1, 3, 1, 1, 1, 3, 3, 1, 2, 3, 3, 2, 2, 2, 3, 1, 1, 2, 2,
       2, 1, 3, 3, 3, 1, 3, 3, 1, 1, 2]), array([1, 1, 1, 1, 1, 1, 1, 1, 1, 1, 1, 1, 1, 1, 1, 1, 1, 1, 1, 1, 1, 1,
       1, 1, 1, 1, 1, 1, 1, 1, 1, 1, 1]))
(array([3, 2, 1, 1, 3, 1, 1, 1, 3, 3, 1, 2, 3, 3, 2, 2, 2, 3, 1, 1, 2, 2,
       2, 1, 3, 3, 3, 1, 3, 3, 1, 1, 2, 2]), array([1, 1, 1, 1, 1, 1, 1, 1, 1, 1, 1, 1, 1, 1, 1, 1, 1, 1, 1, 1, 1, 1,
       1, 1, 1, 1, 1, 1, 1, 1, 1, 1, 1, 1]))
(array([3, 2, 1, 1, 3, 1, 1, 1, 3, 3, 1, 2, 3, 3, 2, 2, 2, 3, 1, 1, 2, 2,
       2, 1, 3, 3, 3, 1, 3, 3, 1, 1, 2, 2, 3]), array([1, 1, 1, 1, 1, 1, 1, 1, 1, 1, 1, 1, 1, 1, 1, 1, 1, 1, 1, 1, 1, 1,
       1, 1, 1, 1, 1, 1, 1, 1, 1, 1, 1, 1, 1]))
(array([3, 2, 1, 1, 3, 1, 1, 1, 3, 3, 1, 2, 3, 3, 2, 2, 2, 3, 1, 1, 2, 2,
       2, 1, 3, 3, 3, 1, 3, 3, 1, 1, 2, 2, 3, 2]), array([1, 1, 1, 1, 1, 1, 1, 1, 1, 1, 1, 1, 1, 1, 1, 1, 1, 1, 1, 1, 1, 1,
       1, 1, 1, 1, 1, 1, 1, 1, 1, 1, 1, 1, 1, 1]))
(array([3, 2, 1, 1, 3, 1, 1, 1, 3, 3, 1, 2, 3, 3, 2, 2, 2, 3, 1, 1, 2, 2,
       2, 1, 3, 3, 3, 1, 3, 3, 1, 1, 2, 2, 3, 2, 2]), array([1, 1, 1, 1, 1, 1, 1, 1, 1, 1, 1, 1, 1, 1, 1, 1, 1, 1, 1, 1, 1, 1,
       1, 1, 1, 1, 1, 1, 1, 1, 1, 1, 1, 1, 1, 1, 1]))
(array([3, 2, 1, 1, 3, 1, 1, 1, 3, 3, 1, 2, 3, 3, 2, 2, 2, 3, 1, 1, 2, 2,
       2, 1, 3, 3, 3, 1, 3, 3, 1, 1, 2, 2, 3, 2, 2, 2]), array([1, 1, 1, 1, 1, 1, 1, 1, 1, 1, 1, 1, 1, 1, 1, 1, 1, 1, 1, 1, 1, 1,
       1, 1, 1, 1, 1, 1, 1, 1, 1, 1, 1, 1, 1, 1, 1, 1]))
(array([3, 2, 1, 1, 3, 1, 1, 1, 3, 3, 1, 2, 3, 3, 2, 2, 2, 3, 1, 1, 2, 2,
       2, 1, 3, 3, 3, 1, 3, 3, 1, 1, 2, 2, 3, 2, 2, 2, 2]), array([1, 1, 1, 1, 1, 1, 1, 1, 1, 1, 1, 1, 1, 1, 1, 1, 1, 1, 1, 1, 1, 1,
       1, 1, 1, 1, 1, 1, 1, 1, 1, 1, 1, 1, 1, 1, 1, 1, 1]))
(array([3, 2, 1, 1, 3, 1, 1, 1, 3, 3, 1, 2, 3, 3, 2, 2, 2, 3, 1, 1, 2, 2,
       2, 1, 3, 3, 3, 1, 3, 3, 1, 1, 2, 2, 3, 2, 2, 2, 2, 2]), array([1, 1, 1, 1, 1, 1, 1, 1, 1, 1, 1, 1, 1, 1, 1, 1, 1, 1, 1, 1, 1, 1,
       1, 1, 1, 1, 1, 1, 1, 1, 1, 1, 1, 1, 1, 1, 1, 1, 1, 1]))
(array([3, 2, 1, 1, 3, 1, 1, 1, 3, 3, 1, 2, 3, 3, 2, 2, 2, 3, 1, 1, 2, 2,
       2, 1, 3, 3, 3, 1, 3, 3, 1, 1, 2, 2, 3, 2, 2, 2, 2, 2, 3]), array([1, 1, 1, 1, 1, 1, 1, 1, 1, 1, 1, 1, 1, 1, 1, 1, 1, 1, 1, 1, 1, 1,
       1, 1, 1, 1, 1, 1, 1, 1, 1, 1, 1, 1, 1, 1, 1, 1, 1, 1, 1]))
(array([3, 2, 1, 1, 3, 1, 1, 1, 3, 3, 1, 2, 3, 3, 2, 2, 2, 3, 1, 1, 2, 2,
       2, 1, 3, 3, 3, 1, 3, 3, 1, 1, 2, 2, 3, 2, 2, 2, 2, 2, 3, 1]), array([1, 1, 1, 1, 1, 1, 1, 1, 1, 1, 1, 1, 1, 1, 1, 1, 1, 1, 1, 1, 1, 1,
       1, 1, 1, 1, 1, 1, 1, 1, 1, 1, 1, 1, 1, 1, 1, 1, 1, 1, 1, 1]))
(array([3, 2, 1, 1, 3, 1, 1, 1, 3, 3, 1, 2, 3, 3, 2, 2, 2, 3, 1, 1, 2, 2,
       2, 1, 3, 3, 3, 1, 3, 3, 1, 1, 2, 2, 3, 2, 2, 2, 2, 2, 3, 1, 1]), array([1, 1, 1, 1, 1, 1, 1, 1, 1, 1, 1, 1, 1, 1, 1, 1, 1, 1, 1, 1, 1, 1,
       1, 1, 1, 1, 1, 1, 1, 1, 1, 1, 1, 1, 1, 1, 1, 1, 1, 1, 1, 1, 1]))
(array([3, 2, 1, 1, 3, 1, 1, 1, 3, 3, 1, 2, 3, 3, 2, 2, 2, 3, 1, 1, 2, 2,
       2, 1, 3, 3, 3, 1, 3, 3, 1, 1, 2, 2, 3, 2, 2, 2, 2, 2, 3, 1, 1, 1]), array([1, 1, 1, 1, 1, 1, 1, 1, 1, 1, 1, 1, 1, 1, 1, 1, 1, 1, 1, 1, 1, 1,
       1, 1, 1, 1, 1, 1, 1, 1, 1, 1, 1, 1, 1, 1, 1, 1, 1, 1, 1, 1, 1, 1]))
(array([3, 2, 1, 1, 3, 1, 1, 1, 3, 3, 1, 2, 3, 3, 2, 2, 2, 3, 1, 1, 2, 2,
       2, 1, 3, 3, 3, 1, 3, 3, 1, 1, 2, 2, 3, 2, 2, 2, 2, 2, 3, 1, 1, 1,
       3]), array([1, 1, 1, 1, 1, 1, 1, 1, 1, 1, 1, 1, 1, 1, 1, 1, 1, 1, 1, 1, 1, 1,
       1, 1, 1, 1, 1, 1, 1, 1, 1, 1, 1, 1, 1, 1, 1, 1, 1, 1, 1, 1, 1, 1,
       1]))
(array([3, 2, 1, 1, 3, 1, 1, 1, 3, 3, 1, 2, 3, 3, 2, 2, 2, 3, 1, 1, 2, 2,
       2, 1, 3, 3, 3, 1, 3, 3, 1, 1, 2, 2, 3, 2, 2, 2, 2, 2, 3, 1, 1, 1,
       3, 3]), array([1, 1, 1, 1, 1, 1, 1, 1, 1, 1, 1, 1, 1, 1, 1, 1, 1, 1, 1, 1, 1, 1,
       1, 1, 1, 1, 1, 1, 1, 1, 1, 1, 1, 1, 1, 1, 1, 1, 1, 1, 1, 1, 1, 1,
       1, 1]))
(array([3, 2, 1, 1, 3, 1, 1, 1, 3, 3, 1, 2, 3, 3, 2, 2, 2, 3, 1, 1, 2, 2,
       2, 1, 3, 3, 3, 1, 3, 3, 1, 1, 2, 2, 3, 2, 2, 2, 2, 2, 3, 1, 1, 1,
       3, 3, 1]), array([1, 1, 1, 1, 1, 1, 1, 1, 1, 1, 1, 1, 1, 1, 1, 1, 1, 1, 1, 1, 1, 1,
       1, 1, 1, 1, 1, 1, 1, 1, 1, 1, 1, 1, 1, 1, 1, 1, 1, 1, 1, 1, 1, 1,
       1, 1, 1]))
(array([3, 2, 1, 1, 3, 1, 1, 1, 3, 3, 1, 2, 3, 3, 2, 2, 2, 3, 1, 1, 2, 2,
       2, 1, 3, 3, 3, 1, 3, 3, 1, 1, 2, 2, 3, 2, 2, 2, 2, 2, 3, 1, 1, 1,
       3, 3, 1, 2]), array([1, 1, 1, 1, 1, 1, 1, 1, 1, 1, 1, 1, 1, 1, 1, 1, 1, 1, 1, 1, 1, 1,
       1, 1, 1, 1, 1, 1, 1, 1, 1, 1, 1, 1, 1, 1, 1, 1, 1, 1, 1, 1, 1, 1,
       1, 1, 1, 1]))
(array([3, 2, 1, 1, 3, 1, 1, 1, 3, 3, 1, 2, 3, 3, 2, 2, 2, 3, 1, 1, 2, 2,
       2, 1, 3, 3, 3, 1, 3, 3, 1, 1, 2, 2, 3, 2, 2, 2, 2, 2, 3, 1, 1, 1,
       3, 3, 1, 2, 2]), array([1, 1, 1, 1, 1, 1, 1, 1, 1, 1, 1, 1, 1, 1, 1, 1, 1, 1, 1, 1, 1, 1,
       1, 1, 1, 1, 1, 1, 1, 1, 1, 1, 1, 1, 1, 1, 1, 1, 1, 1, 1, 1, 1, 1,
       1, 1, 1, 1, 1]))
(array([3, 2, 1, 1, 3, 1, 1, 1, 3, 3, 1, 2, 3, 3, 2, 2, 2, 3, 1, 1, 2, 2,
       2, 1, 3, 3, 3, 1, 3, 3, 1, 1, 2, 2, 3, 2, 2, 2, 2, 2, 3, 1, 1, 1,
       3, 3, 1, 2, 2, 1]), array([1, 1, 1, 1, 1, 1, 1, 1, 1, 1, 1, 1, 1, 1, 1, 1, 1, 1, 1, 1, 1, 1,
       1, 1, 1, 1, 1, 1, 1, 1, 1, 1, 1, 1, 1, 1, 1, 1, 1, 1, 1, 1, 1, 1,
       1, 1, 1, 1, 1, 1]))
(array([3, 2, 1, 1, 3, 1, 1, 1, 3, 3, 1, 2, 3, 3, 2, 2, 2, 3, 1, 1, 2, 2,
       2, 1, 3, 3, 3, 1, 3, 3, 1, 1, 2, 2, 3, 2, 2, 2, 2, 2, 3, 1, 1, 1,
       3, 3, 1, 2, 2, 1, 2]), array([1, 1, 1, 1, 1, 1, 1, 1, 1, 1, 1, 1, 1, 1, 1, 1, 1, 1, 1, 1, 1, 1,
       1, 1, 1, 1, 1, 1, 1, 1, 1, 1, 1, 1, 1, 1, 1, 1, 1, 1, 1, 1, 1, 1,
       1, 1, 1, 1, 1, 1, 1]))
(array([3, 2, 1, 1, 3, 1, 1, 1, 3, 3, 1, 2, 3, 3, 2, 2, 2, 3, 1, 1, 2, 2,
       2, 1, 3, 3, 3, 1, 3, 3, 1, 1, 2, 2, 3, 2, 2, 2, 2, 2, 3, 1, 1, 1,
       3, 3, 1, 2, 2, 1, 2, 2]), array([1, 1, 1, 1, 1, 1, 1, 1, 1, 1, 1, 1, 1, 1, 1, 1, 1, 1, 1, 1, 1, 1,
       1, 1, 1, 1, 1, 1, 1, 1, 1, 1, 1, 1, 1, 1, 1, 1, 1, 1, 1, 1, 1, 1,
       1, 1, 1, 1, 1, 1, 1, 1]))
(array([3, 2, 1, 1, 3, 1, 1, 1, 3, 3, 1, 2, 3, 3, 2, 2, 2, 3, 1, 1, 2, 2,
       2, 1, 3, 3, 3, 1, 3, 3, 1, 1, 2, 2, 3, 2, 2, 2, 2, 2, 3, 1, 1, 1,
       3, 3, 1, 2, 2, 1, 2, 2, 3]), array([1, 1, 1, 1, 1, 1, 1, 1, 1, 1, 1, 1, 1, 1, 1, 1, 1, 1, 1, 1, 1, 1,
       1, 1, 1, 1, 1, 1, 1, 1, 1, 1, 1, 1, 1, 1, 1, 1, 1, 1, 1, 1, 1, 1,
       1, 1, 1, 1, 1, 1, 1, 1, 1]))
(array([3, 2, 1, 1, 3, 1, 1, 1, 3, 3, 1, 2, 3, 3, 2, 2, 2, 3, 1, 1, 2, 2,
       2, 1, 3, 3, 3, 1, 3, 3, 1, 1, 2, 2, 3, 2, 2, 2, 2, 2, 3, 1, 1, 1,
       3, 3, 1, 2, 2, 1, 2, 2, 3, 1]), array([1, 1, 1, 1, 1, 1, 1, 1, 1, 1, 1, 1, 1, 1, 1, 1, 1, 1, 1, 1, 1, 1,
       1, 1, 1, 1, 1, 1, 1, 1, 1, 1, 1, 1, 1, 1, 1, 1, 1, 1, 1, 1, 1, 1,
       1, 1, 1, 1, 1, 1, 1, 1, 1, 1]))
(array([3, 2, 1, 1, 3, 1, 1, 1, 3, 3, 1, 2, 3, 3, 2, 2, 2, 3, 1, 1, 2, 2,
       2, 1, 3, 3, 3, 1, 3, 3, 1, 1, 2, 2, 3, 2, 2, 2, 2, 2, 3, 1, 1, 1,
       3, 3, 1, 2, 2, 1, 2, 2, 3, 1, 1]), array([1, 1, 1, 1, 1, 1, 1, 1, 1, 1, 1, 1, 1, 1, 1, 1, 1, 1, 1, 1, 1, 1,
       1, 1, 1, 1, 1, 1, 1, 1, 1, 1, 1, 1, 1, 1, 1, 1, 1, 1, 1, 1, 1, 1,
       1, 1, 1, 1, 1, 1, 1, 1, 1, 1, 1]))
(array([3, 2, 1, 1, 3, 1, 1, 1, 3, 3, 1, 2, 3, 3, 2, 2, 2, 3, 1, 1, 2, 2,
       2, 1, 3, 3, 3, 1, 3, 3, 1, 1, 2, 2, 3, 2, 2, 2, 2, 2, 3, 1, 1, 1,
       3, 3, 1, 2, 2, 1, 2, 2, 3, 1, 1, 2]), array([1, 1, 1, 1, 1, 1, 1, 1, 1, 1, 1, 1, 1, 1, 1, 1, 1, 1, 1, 1, 1, 1,
       1, 1, 1, 1, 1, 1, 1, 1, 1, 1, 1, 1, 1, 1, 1, 1, 1, 1, 1, 1, 1, 1,
       1, 1, 1, 1, 1, 1, 1, 1, 1, 1, 1, 1]))
(array([3, 2, 1, 1, 3, 1, 1, 1, 3, 3, 1, 2, 3, 3, 2, 2, 2, 3, 1, 1, 2, 2,
       2, 1, 3, 3, 3, 1, 3, 3, 1, 1, 2, 2, 3, 2, 2, 2, 2, 2, 3, 1, 1, 1,
       3, 3, 1, 2, 2, 1, 2, 2, 3, 1, 1, 2, 1]), array([1, 1, 1, 1, 1, 1, 1, 1, 1, 1, 1, 1, 1, 1, 1, 1, 1, 1, 1, 1, 1, 1,
       1, 1, 1, 1, 1, 1, 1, 1, 1, 1, 1, 1, 1, 1, 1, 1, 1, 1, 1, 1, 1, 1,
       1, 1, 1, 1, 1, 1, 1, 1, 1, 1, 1, 1, 1]))
(array([3, 2, 1, 1, 3, 1, 1, 1, 3, 3, 1, 2, 3, 3, 2, 2, 2, 3, 1, 1, 2, 2,
       2, 1, 3, 3, 3, 1, 3, 3, 1, 1, 2, 2, 3, 2, 2, 2, 2, 2, 3, 1, 1, 1,
       3, 3, 1, 2, 2, 1, 2, 2, 3, 1, 1, 2, 1, 3]), array([1, 1, 1, 1, 1, 1, 1, 1, 1, 1, 1, 1, 1, 1, 1, 1, 1, 1, 1, 1, 1, 1,
       1, 1, 1, 1, 1, 1, 1, 1, 1, 1, 1, 1, 1, 1, 1, 1, 1, 1, 1, 1, 1, 1,
       1, 1, 1, 1, 1, 1, 1, 1, 1, 1, 1, 1, 1, 1]))
(array([3, 2, 1, 1, 3, 1, 1, 1, 3, 3, 1, 2, 3, 3, 2, 2, 2, 3, 1, 1, 2, 2,
       2, 1, 3, 3, 3, 1, 3, 3, 1, 1, 2, 2, 3, 2, 2, 2, 2, 2, 3, 1, 1, 1,
       3, 3, 1, 2, 2, 1, 2, 2, 3, 1, 1, 2, 1, 3, 3]), array([1, 1, 1, 1, 1, 1, 1, 1, 1, 1, 1, 1, 1, 1, 1, 1, 1, 1, 1, 1, 1, 1,
       1, 1, 1, 1, 1, 1, 1, 1, 1, 1, 1, 1, 1, 1, 1, 1, 1, 1, 1, 1, 1, 1,
       1, 1, 1, 1, 1, 1, 1, 1, 1, 1, 1, 1, 1, 1, 1]))
(array([3, 2, 1, 1, 3, 1, 1, 1, 3, 3, 1, 2, 3, 3, 2, 2, 2, 3, 1, 1, 2, 2,
       2, 1, 3, 3, 3, 1, 3, 3, 1, 1, 2, 2, 3, 2, 2, 2, 2, 2, 3, 1, 1, 1,
       3, 3, 1, 2, 2, 1, 2, 2, 3, 1, 1, 2, 1, 3, 3, 3]), array([1, 1, 1, 1, 1, 1, 1, 1, 1, 1, 1, 1, 1, 1, 1, 1, 1, 1, 1, 1, 1, 1,
       1, 1, 1, 1, 1, 1, 1, 1, 1, 1, 1, 1, 1, 1, 1, 1, 1, 1, 1, 1, 1, 1,
       1, 1, 1, 1, 1, 1, 1, 1, 1, 1, 1, 1, 1, 1, 1, 1]))
(array([3, 2, 1, 1, 3, 1, 1, 1, 3, 3, 1, 2, 3, 3, 2, 2, 2, 3, 1, 1, 2, 2,
       2, 1, 3, 3, 3, 1, 3, 3, 1, 1, 2, 2, 3, 2, 2, 2, 2, 2, 3, 1, 1, 1,
       3, 3, 1, 2, 2, 1, 2, 2, 3, 1, 1, 2, 1, 3, 3, 3, 2]), array([1, 1, 1, 1, 1, 1, 1, 1, 1, 1, 1, 1, 1, 1, 1, 1, 1, 1, 1, 1, 1, 1,
       1, 1, 1, 1, 1, 1, 1, 1, 1, 1, 1, 1, 1, 1, 1, 1, 1, 1, 1, 1, 1, 1,
       1, 1, 1, 1, 1, 1, 1, 1, 1, 1, 1, 1, 1, 1, 1, 1, 1]))
(array([3, 2, 1, 1, 3, 1, 1, 1, 3, 3, 1, 2, 3, 3, 2, 2, 2, 3, 1, 1, 2, 2,
       2, 1, 3, 3, 3, 1, 3, 3, 1, 1, 2, 2, 3, 2, 2, 2, 2, 2, 3, 1, 1, 1,
       3, 3, 1, 2, 2, 1, 2, 2, 3, 1, 1, 2, 1, 3, 3, 3, 2, 3]), array([1, 1, 1, 1, 1, 1, 1, 1, 1, 1, 1, 1, 1, 1, 1, 1, 1, 1, 1, 1, 1, 1,
       1, 1, 1, 1, 1, 1, 1, 1, 1, 1, 1, 1, 1, 1, 1, 1, 1, 1, 1, 1, 1, 1,
       1, 1, 1, 1, 1, 1, 1, 1, 1, 1, 1, 1, 1, 1, 1, 1, 1, 1]))
(array([3, 2, 1, 1, 3, 1, 1, 1, 3, 3, 1, 2, 3, 3, 2, 2, 2, 3, 1, 1, 2, 2,
       2, 1, 3, 3, 3, 1, 3, 3, 1, 1, 2, 2, 3, 2, 2, 2, 2, 2, 3, 1, 1, 1,
       3, 3, 1, 2, 2, 1, 2, 2, 3, 1, 1, 2, 1, 3, 3, 3, 2, 3, 1]), array([1, 1, 1, 1, 1, 1, 1, 1, 1, 1, 1, 1, 1, 1, 1, 1, 1, 1, 1, 1, 1, 1,
       1, 1, 1, 1, 1, 1, 1, 1, 1, 1, 1, 1, 1, 1, 1, 1, 1, 1, 1, 1, 1, 1,
       1, 1, 1, 1, 1, 1, 1, 1, 1, 1, 1, 1, 1, 1, 1, 1, 1, 1, 1]))
(array([3, 2, 1, 1, 3, 1, 1, 1, 3, 3, 1, 2, 3, 3, 2, 2, 2, 3, 1, 1, 2, 2,
       2, 1, 3, 3, 3, 1, 3, 3, 1, 1, 2, 2, 3, 2, 2, 2, 2, 2, 3, 1, 1, 1,
       3, 3, 1, 2, 2, 1, 2, 2, 3, 1, 1, 2, 1, 3, 3, 3, 2, 3, 1, 3]), array([1, 1, 1, 1, 1, 1, 1, 1, 1, 1, 1, 1, 1, 1, 1, 1, 1, 1, 1, 1, 1, 1,
       1, 1, 1, 1, 1, 1, 1, 1, 1, 1, 1, 1, 1, 1, 1, 1, 1, 1, 1, 1, 1, 1,
       1, 1, 1, 1, 1, 1, 1, 1, 1, 1, 1, 1, 1, 1, 1, 1, 1, 1, 1, 1]))
(array([3, 2, 1, 1, 3, 1, 1, 1, 3, 3, 1, 2, 3, 3, 2, 2, 2, 3, 1, 1, 2, 2,
       2, 1, 3, 3, 3, 1, 3, 3, 1, 1, 2, 2, 3, 2, 2, 2, 2, 2, 3, 1, 1, 1,
       3, 3, 1, 2, 2, 1, 2, 2, 3, 1, 1, 2, 1, 3, 3, 3, 2, 3, 1, 3, 3]), array([1, 1, 1, 1, 1, 1, 1, 1, 1, 1, 1, 1, 1, 1, 1, 1, 1, 1, 1, 1, 1, 1,
       1, 1, 1, 1, 1, 1, 1, 1, 1, 1, 1, 1, 1, 1, 1, 1, 1, 1, 1, 1, 1, 1,
       1, 1, 1, 1, 1, 1, 1, 1, 1, 1, 1, 1, 1, 1, 1, 1, 1, 1, 1, 1, 1]))
(array([3, 2, 1, 1, 3, 1, 1, 1, 3, 3, 1, 2, 3, 3, 2, 2, 2, 3, 1, 1, 2, 2,
       2, 1, 3, 3, 3, 1, 3, 3, 1, 1, 2, 2, 3, 2, 2, 2, 2, 2, 3, 1, 1, 1,
       3, 3, 1, 2, 2, 1, 2, 2, 3, 1, 1, 2, 1, 3, 3, 3, 2, 3, 1, 3, 3, 3]), array([1, 1, 1, 1, 1, 1, 1, 1, 1, 1, 1, 1, 1, 1, 1, 1, 1, 1, 1, 1, 1, 1,
       1, 1, 1, 1, 1, 1, 1, 1, 1, 1, 1, 1, 1, 1, 1, 1, 1, 1, 1, 1, 1, 1,
       1, 1, 1, 1, 1, 1, 1, 1, 1, 1, 1, 1, 1, 1, 1, 1, 1, 1, 1, 1, 1, 1]))
(array([3, 2, 1, 1, 3, 1, 1, 1, 3, 3, 1, 2, 3, 3, 2, 2, 2, 3, 1, 1, 2, 2,
       2, 1, 3, 3, 3, 1, 3, 3, 1, 1, 2, 2, 3, 2, 2, 2, 2, 2, 3, 1, 1, 1,
       3, 3, 1, 2, 2, 1, 2, 2, 3, 1, 1, 2, 1, 3, 3, 3, 2, 3, 1, 3, 3, 3,
       1]), array([1, 1, 1, 1, 1, 1, 1, 1, 1, 1, 1, 1, 1, 1, 1, 1, 1, 1, 1, 1, 1, 1,
       1, 1, 1, 1, 1, 1, 1, 1, 1, 1, 1, 1, 1, 1, 1, 1, 1, 1, 1, 1, 1, 1,
       1, 1, 1, 1, 1, 1, 1, 1, 1, 1, 1, 1, 1, 1, 1, 1, 1, 1, 1, 1, 1, 1,
       1]))
(array([3, 2, 1, 1, 3, 1, 1, 1, 3, 3, 1, 2, 3, 3, 2, 2, 2, 3, 1, 1, 2, 2,
       2, 1, 3, 3, 3, 1, 3, 3, 1, 1, 2, 2, 3, 2, 2, 2, 2, 2, 3, 1, 1, 1,
       3, 3, 1, 2, 2, 1, 2, 2, 3, 1, 1, 2, 1, 3, 3, 3, 2, 3, 1, 3, 3, 3,
       1, 3]), array([1, 1, 1, 1, 1, 1, 1, 1, 1, 1, 1, 1, 1, 1, 1, 1, 1, 1, 1, 1, 1, 1,
       1, 1, 1, 1, 1, 1, 1, 1, 1, 1, 1, 1, 1, 1, 1, 1, 1, 1, 1, 1, 1, 1,
       1, 1, 1, 1, 1, 1, 1, 1, 1, 1, 1, 1, 1, 1, 1, 1, 1, 1, 1, 1, 1, 1,
       1, 1]))
(array([3, 2, 1, 1, 3, 1, 1, 1, 3, 3, 1, 2, 3, 3, 2, 2, 2, 3, 1, 1, 2, 2,
       2, 1, 3, 3, 3, 1, 3, 3, 1, 1, 2, 2, 3, 2, 2, 2, 2, 2, 3, 1, 1, 1,
       3, 3, 1, 2, 2, 1, 2, 2, 3, 1, 1, 2, 1, 3, 3, 3, 2, 3, 1, 3, 3, 3,
       1, 3, 2]), array([1, 1, 1, 1, 1, 1, 1, 1, 1, 1, 1, 1, 1, 1, 1, 1, 1, 1, 1, 1, 1, 1,
       1, 1, 1, 1, 1, 1, 1, 1, 1, 1, 1, 1, 1, 1, 1, 1, 1, 1, 1, 1, 1, 1,
       1, 1, 1, 1, 1, 1, 1, 1, 1, 1, 1, 1, 1, 1, 1, 1, 1, 1, 1, 1, 1, 1,
       1, 1, 1]))
(array([3, 2, 1, 1, 3, 1, 1, 1, 3, 3, 1, 2, 3, 3, 2, 2, 2, 3, 1, 1, 2, 2,
       2, 1, 3, 3, 3, 1, 3, 3, 1, 1, 2, 2, 3, 2, 2, 2, 2, 2, 3, 1, 1, 1,
       3, 3, 1, 2, 2, 1, 2, 2, 3, 1, 1, 2, 1, 3, 3, 3, 2, 3, 1, 3, 3, 3,
       1, 3, 2, 3]), array([1, 1, 1, 1, 1, 1, 1, 1, 1, 1, 1, 1, 1, 1, 1, 1, 1, 1, 1, 1, 1, 1,
       1, 1, 1, 1, 1, 1, 1, 1, 1, 1, 1, 1, 1, 1, 1, 1, 1, 1, 1, 1, 1, 1,
       1, 1, 1, 1, 1, 1, 1, 1, 1, 1, 1, 1, 1, 1, 1, 1, 1, 1, 1, 1, 1, 1,
       1, 1, 1, 1]))
(array([3, 2, 1, 1, 3, 1, 1, 1, 3, 3, 1, 2, 3, 3, 2, 2, 2, 3, 1, 1, 2, 2,
       2, 1, 3, 3, 3, 1, 3, 3, 1, 1, 2, 2, 3, 2, 2, 2, 2, 2, 3, 1, 1, 1,
       3, 3, 1, 2, 2, 1, 2, 2, 3, 1, 1, 2, 1, 3, 3, 3, 2, 3, 1, 3, 3, 3,
       1, 3, 2, 3, 3]), array([1, 1, 1, 1, 1, 1, 1, 1, 1, 1, 1, 1, 1, 1, 1, 1, 1, 1, 1, 1, 1, 1,
       1, 1, 1, 1, 1, 1, 1, 1, 1, 1, 1, 1, 1, 1, 1, 1, 1, 1, 1, 1, 1, 1,
       1, 1, 1, 1, 1, 1, 1, 1, 1, 1, 1, 1, 1, 1, 1, 1, 1, 1, 1, 1, 1, 1,
       1, 1, 1, 1, 1]))
(array([3, 2, 1, 1, 3, 1, 1, 1, 3, 3, 1, 2, 3, 3, 2, 2, 2, 3, 1, 1, 2, 2,
       2, 1, 3, 3, 3, 1, 3, 3, 1, 1, 2, 2, 3, 2, 2, 2, 2, 2, 3, 1, 1, 1,
       3, 3, 1, 2, 2, 1, 2, 2, 3, 1, 1, 2, 1, 3, 3, 3, 2, 3, 1, 3, 3, 3,
       1, 3, 2, 3, 3, 2]), array([1, 1, 1, 1, 1, 1, 1, 1, 1, 1, 1, 1, 1, 1, 1, 1, 1, 1, 1, 1, 1, 1,
       1, 1, 1, 1, 1, 1, 1, 1, 1, 1, 1, 1, 1, 1, 1, 1, 1, 1, 1, 1, 1, 1,
       1, 1, 1, 1, 1, 1, 1, 1, 1, 1, 1, 1, 1, 1, 1, 1, 1, 1, 1, 1, 1, 1,
       1, 1, 1, 1, 1, 1]))
(array([3, 2, 1, 1, 3, 1, 1, 1, 3, 3, 1, 2, 3, 3, 2, 2, 2, 3, 1, 1, 2, 2,
       2, 1, 3, 3, 3, 1, 3, 3, 1, 1, 2, 2, 3, 2, 2, 2, 2, 2, 3, 1, 1, 1,
       3, 3, 1, 2, 2, 1, 2, 2, 3, 1, 1, 2, 1, 3, 3, 3, 2, 3, 1, 3, 3, 3,
       1, 3, 2, 3, 3, 2, 1]), array([1, 1, 1, 1, 1, 1, 1, 1, 1, 1, 1, 1, 1, 1, 1, 1, 1, 1, 1, 1, 1, 1,
       1, 1, 1, 1, 1, 1, 1, 1, 1, 1, 1, 1, 1, 1, 1, 1, 1, 1, 1, 1, 1, 1,
       1, 1, 1, 1, 1, 1, 1, 1, 1, 1, 1, 1, 1, 1, 1, 1, 1, 1, 1, 1, 1, 1,
       1, 1, 1, 1, 1, 1, 1]))
(array([3, 2, 1, 1, 3, 1, 1, 1, 3, 3, 1, 2, 3, 3, 2, 2, 2, 3, 1, 1, 2, 2,
       2, 1, 3, 3, 3, 1, 3, 3, 1, 1, 2, 2, 3, 2, 2, 2, 2, 2, 3, 1, 1, 1,
       3, 3, 1, 2, 2, 1, 2, 2, 3, 1, 1, 2, 1, 3, 3, 3, 2, 3, 1, 3, 3, 3,
       1, 3, 2, 3, 3, 2, 1, 3]), array([1, 1, 1, 1, 1, 1, 1, 1, 1, 1, 1, 1, 1, 1, 1, 1, 1, 1, 1, 1, 1, 1,
       1, 1, 1, 1, 1, 1, 1, 1, 1, 1, 1, 1, 1, 1, 1, 1, 1, 1, 1, 1, 1, 1,
       1, 1, 1, 1, 1, 1, 1, 1, 1, 1, 1, 1, 1, 1, 1, 1, 1, 1, 1, 1, 1, 1,
       1, 1, 1, 1, 1, 1, 1, 1]))
(array([3, 2, 1, 1, 3, 1, 1, 1, 3, 3, 1, 2, 3, 3, 2, 2, 2, 3, 1, 1, 2, 2,
       2, 1, 3, 3, 3, 1, 3, 3, 1, 1, 2, 2, 3, 2, 2, 2, 2, 2, 3, 1, 1, 1,
       3, 3, 1, 2, 2, 1, 2, 2, 3, 1, 1, 2, 1, 3, 3, 3, 2, 3, 1, 3, 3, 3,
       1, 3, 2, 3, 3, 2, 1, 3, 2]), array([1, 1, 1, 1, 1, 1, 1, 1, 1, 1, 1, 1, 1, 1, 1, 1, 1, 1, 1, 1, 1, 1,
       1, 1, 1, 1, 1, 1, 1, 1, 1, 1, 1, 1, 1, 1, 1, 1, 1, 1, 1, 1, 1, 1,
       1, 1, 1, 1, 1, 1, 1, 1, 1, 1, 1, 1, 1, 1, 1, 1, 1, 1, 1, 1, 1, 1,
       1, 1, 1, 1, 1, 1, 1, 1, 1]))
(array([3, 2, 1, 1, 3, 1, 1, 1, 3, 3, 1, 2, 3, 3, 2, 2, 2, 3, 1, 1, 2, 2,
       2, 1, 3, 3, 3, 1, 3, 3, 1, 1, 2, 2, 3, 2, 2, 2, 2, 2, 3, 1, 1, 1,
       3, 3, 1, 2, 2, 1, 2, 2, 3, 1, 1, 2, 1, 3, 3, 3, 2, 3, 1, 3, 3, 3,
       1, 3, 2, 3, 3, 2, 1, 3, 2, 1]), array([1, 1, 1, 1, 1, 1, 1, 1, 1, 1, 1, 1, 1, 1, 1, 1, 1, 1, 1, 1, 1, 1,
       1, 1, 1, 1, 1, 1, 1, 1, 1, 1, 1, 1, 1, 1, 1, 1, 1, 1, 1, 1, 1, 1,
       1, 1, 1, 1, 1, 1, 1, 1, 1, 1, 1, 1, 1, 1, 1, 1, 1, 1, 1, 1, 1, 1,
       1, 1, 1, 1, 1, 1, 1, 1, 1, 1]))
(array([3, 2, 1, 1, 3, 1, 1, 1, 3, 3, 1, 2, 3, 3, 2, 2, 2, 3, 1, 1, 2, 2,
       2, 1, 3, 3, 3, 1, 3, 3, 1, 1, 2, 2, 3, 2, 2, 2, 2, 2, 3, 1, 1, 1,
       3, 3, 1, 2, 2, 1, 2, 2, 3, 1, 1, 2, 1, 3, 3, 3, 2, 3, 1, 3, 3, 3,
       1, 3, 2, 3, 3, 2, 1, 3, 2, 1, 3]), array([1, 1, 1, 1, 1, 1, 1, 1, 1, 1, 1, 1, 1, 1, 1, 1, 1, 1, 1, 1, 1, 1,
       1, 1, 1, 1, 1, 1, 1, 1, 1, 1, 1, 1, 1, 1, 1, 1, 1, 1, 1, 1, 1, 1,
       1, 1, 1, 1, 1, 1, 1, 1, 1, 1, 1, 1, 1, 1, 1, 1, 1, 1, 1, 1, 1, 1,
       1, 1, 1, 1, 1, 1, 1, 1, 1, 1, 1]))
(array([3, 2, 1, 1, 3, 1, 1, 1, 3, 3, 1, 2, 3, 3, 2, 2, 2, 3, 1, 1, 2, 2,
       2, 1, 3, 3, 3, 1, 3, 3, 1, 1, 2, 2, 3, 2, 2, 2, 2, 2, 3, 1, 1, 1,
       3, 3, 1, 2, 2, 1, 2, 2, 3, 1, 1, 2, 1, 3, 3, 3, 2, 3, 1, 3, 3, 3,
       1, 3, 2, 3, 3, 2, 1, 3, 2, 1, 3, 2]), array([1, 1, 1, 1, 1, 1, 1, 1, 1, 1, 1, 1, 1, 1, 1, 1, 1, 1, 1, 1, 1, 1,
       1, 1, 1, 1, 1, 1, 1, 1, 1, 1, 1, 1, 1, 1, 1, 1, 1, 1, 1, 1, 1, 1,
       1, 1, 1, 1, 1, 1, 1, 1, 1, 1, 1, 1, 1, 1, 1, 1, 1, 1, 1, 1, 1, 1,
       1, 1, 1, 1, 1, 1, 1, 1, 1, 1, 1, 1]))
(array([3, 2, 1, 1, 3, 1, 1, 1, 3, 3, 1, 2, 3, 3, 2, 2, 2, 3, 1, 1, 2, 2,
       2, 1, 3, 3, 3, 1, 3, 3, 1, 1, 2, 2, 3, 2, 2, 2, 2, 2, 3, 1, 1, 1,
       3, 3, 1, 2, 2, 1, 2, 2, 3, 1, 1, 2, 1, 3, 3, 3, 2, 3, 1, 3, 3, 3,
       1, 3, 2, 3, 3, 2, 1, 3, 2, 1, 3, 2, 2]), array([1, 1, 1, 1, 1, 1, 1, 1, 1, 1, 1, 1, 1, 1, 1, 1, 1, 1, 1, 1, 1, 1,
       1, 1, 1, 1, 1, 1, 1, 1, 1, 1, 1, 1, 1, 1, 1, 1, 1, 1, 1, 1, 1, 1,
       1, 1, 1, 1, 1, 1, 1, 1, 1, 1, 1, 1, 1, 1, 1, 1, 1, 1, 1, 1, 1, 1,
       1, 1, 1, 1, 1, 1, 1, 1, 1, 1, 1, 1, 1]))
(array([3, 2, 1, 1, 3, 1, 1, 1, 3, 3, 1, 2, 3, 3, 2, 2, 2, 3, 1, 1, 2, 2,
       2, 1, 3, 3, 3, 1, 3, 3, 1, 1, 2, 2, 3, 2, 2, 2, 2, 2, 3, 1, 1, 1,
       3, 3, 1, 2, 2, 1, 2, 2, 3, 1, 1, 2, 1, 3, 3, 3, 2, 3, 1, 3, 3, 3,
       1, 3, 2, 3, 3, 2, 1, 3, 2, 1, 3, 2, 2, 2]), array([1, 1, 1, 1, 1, 1, 1, 1, 1, 1, 1, 1, 1, 1, 1, 1, 1, 1, 1, 1, 1, 1,
       1, 1, 1, 1, 1, 1, 1, 1, 1, 1, 1, 1, 1, 1, 1, 1, 1, 1, 1, 1, 1, 1,
       1, 1, 1, 1, 1, 1, 1, 1, 1, 1, 1, 1, 1, 1, 1, 1, 1, 1, 1, 1, 1, 1,
       1, 1, 1, 1, 1, 1, 1, 1, 1, 1, 1, 1, 1, 1]))
(array([3, 2, 1, 1, 3, 1, 1, 1, 3, 3, 1, 2, 3, 3, 2, 2, 2, 3, 1, 1, 2, 2,
       2, 1, 3, 3, 3, 1, 3, 3, 1, 1, 2, 2, 3, 2, 2, 2, 2, 2, 3, 1, 1, 1,
       3, 3, 1, 2, 2, 1, 2, 2, 3, 1, 1, 2, 1, 3, 3, 3, 2, 3, 1, 3, 3, 3,
       1, 3, 2, 3, 3, 2, 1, 3, 2, 1, 3, 2, 2, 2, 1]), array([1, 1, 1, 1, 1, 1, 1, 1, 1, 1, 1, 1, 1, 1, 1, 1, 1, 1, 1, 1, 1, 1,
       1, 1, 1, 1, 1, 1, 1, 1, 1, 1, 1, 1, 1, 1, 1, 1, 1, 1, 1, 1, 1, 1,
       1, 1, 1, 1, 1, 1, 1, 1, 1, 1, 1, 1, 1, 1, 1, 1, 1, 1, 1, 1, 1, 1,
       1, 1, 1, 1, 1, 1, 1, 1, 1, 1, 1, 1, 1, 1, 1]))
(array([3, 2, 1, 1, 3, 1, 1, 1, 3, 3, 1, 2, 3, 3, 2, 2, 2, 3, 1, 1, 2, 2,
       2, 1, 3, 3, 3, 1, 3, 3, 1, 1, 2, 2, 3, 2, 2, 2, 2, 2, 3, 1, 1, 1,
       3, 3, 1, 2, 2, 1, 2, 2, 3, 1, 1, 2, 1, 3, 3, 3, 2, 3, 1, 3, 3, 3,
       1, 3, 2, 3, 3, 2, 1, 3, 2, 1, 3, 2, 2, 2, 1, 1]), array([1, 1, 1, 1, 1, 1, 1, 1, 1, 1, 1, 1, 1, 1, 1, 1, 1, 1, 1, 1, 1, 1,
       1, 1, 1, 1, 1, 1, 1, 1, 1, 1, 1, 1, 1, 1, 1, 1, 1, 1, 1, 1, 1, 1,
       1, 1, 1, 1, 1, 1, 1, 1, 1, 1, 1, 1, 1, 1, 1, 1, 1, 1, 1, 1, 1, 1,
       1, 1, 1, 1, 1, 1, 1, 1, 1, 1, 1, 1, 1, 1, 1, 1]))
(array([3, 2, 1, 1, 3, 1, 1, 1, 3, 3, 1, 2, 3, 3, 2, 2, 2, 3, 1, 1, 2, 2,
       2, 1, 3, 3, 3, 1, 3, 3, 1, 1, 2, 2, 3, 2, 2, 2, 2, 2, 3, 1, 1, 1,
       3, 3, 1, 2, 2, 1, 2, 2, 3, 1, 1, 2, 1, 3, 3, 3, 2, 3, 1, 3, 3, 3,
       1, 3, 2, 3, 3, 2, 1, 3, 2, 1, 3, 2, 2, 2, 1, 1, 1]), array([1, 1, 1, 1, 1, 1, 1, 1, 1, 1, 1, 1, 1, 1, 1, 1, 1, 1, 1, 1, 1, 1,
       1, 1, 1, 1, 1, 1, 1, 1, 1, 1, 1, 1, 1, 1, 1, 1, 1, 1, 1, 1, 1, 1,
       1, 1, 1, 1, 1, 1, 1, 1, 1, 1, 1, 1, 1, 1, 1, 1, 1, 1, 1, 1, 1, 1,
       1, 1, 1, 1, 1, 1, 1, 1, 1, 1, 1, 1, 1, 1, 1, 1, 1]))
(array([3, 2, 1, 1, 3, 1, 1, 1, 3, 3, 1, 2, 3, 3, 2, 2, 2, 3, 1, 1, 2, 2,
       2, 1, 3, 3, 3, 1, 3, 3, 1, 1, 2, 2, 3, 2, 2, 2, 2, 2, 3, 1, 1, 1,
       3, 3, 1, 2, 2, 1, 2, 2, 3, 1, 1, 2, 1, 3, 3, 3, 2, 3, 1, 3, 3, 3,
       1, 3, 2, 3, 3, 2, 1, 3, 2, 1, 3, 2, 2, 2, 1, 1, 1, 1]), array([1, 1, 1, 1, 1, 1, 1, 1, 1, 1, 1, 1, 1, 1, 1, 1, 1, 1, 1, 1, 1, 1,
       1, 1, 1, 1, 1, 1, 1, 1, 1, 1, 1, 1, 1, 1, 1, 1, 1, 1, 1, 1, 1, 1,
       1, 1, 1, 1, 1, 1, 1, 1, 1, 1, 1, 1, 1, 1, 1, 1, 1, 1, 1, 1, 1, 1,
       1, 1, 1, 1, 1, 1, 1, 1, 1, 1, 1, 1, 1, 1, 1, 1, 1, 1]))
(array([3, 2, 1, 1, 3, 1, 1, 1, 3, 3, 1, 2, 3, 3, 2, 2, 2, 3, 1, 1, 2, 2,
       2, 1, 3, 3, 3, 1, 3, 3, 1, 1, 2, 2, 3, 2, 2, 2, 2, 2, 3, 1, 1, 1,
       3, 3, 1, 2, 2, 1, 2, 2, 3, 1, 1, 2, 1, 3, 3, 3, 2, 3, 1, 3, 3, 3,
       1, 3, 2, 3, 3, 2, 1, 3, 2, 1, 3, 2, 2, 2, 1, 1, 1, 1, 2]), array([1, 1, 1, 1, 1, 1, 1, 1, 1, 1, 1, 1, 1, 1, 1, 1, 1, 1, 1, 1, 1, 1,
       1, 1, 1, 1, 1, 1, 1, 1, 1, 1, 1, 1, 1, 1, 1, 1, 1, 1, 1, 1, 1, 1,
       1, 1, 1, 1, 1, 1, 1, 1, 1, 1, 1, 1, 1, 1, 1, 1, 1, 1, 1, 1, 1, 1,
       1, 1, 1, 1, 1, 1, 1, 1, 1, 1, 1, 1, 1, 1, 1, 1, 1, 1, 1]))
(array([3, 2, 1, 1, 3, 1, 1, 1, 3, 3, 1, 2, 3, 3, 2, 2, 2, 3, 1, 1, 2, 2,
       2, 1, 3, 3, 3, 1, 3, 3, 1, 1, 2, 2, 3, 2, 2, 2, 2, 2, 3, 1, 1, 1,
       3, 3, 1, 2, 2, 1, 2, 2, 3, 1, 1, 2, 1, 3, 3, 3, 2, 3, 1, 3, 3, 3,
       1, 3, 2, 3, 3, 2, 1, 3, 2, 1, 3, 2, 2, 2, 1, 1, 1, 1, 2, 1]), array([1, 1, 1, 1, 1, 1, 1, 1, 1, 1, 1, 1, 1, 1, 1, 1, 1, 1, 1, 1, 1, 1,
       1, 1, 1, 1, 1, 1, 1, 1, 1, 1, 1, 1, 1, 1, 1, 1, 1, 1, 1, 1, 1, 1,
       1, 1, 1, 1, 1, 1, 1, 1, 1, 1, 1, 1, 1, 1, 1, 1, 1, 1, 1, 1, 1, 1,
       1, 1, 1, 1, 1, 1, 1, 1, 1, 1, 1, 1, 1, 1, 1, 1, 1, 1, 1, 1]))
(array([3, 2, 1, 1, 3, 1, 1, 1, 3, 3, 1, 2, 3, 3, 2, 2, 2, 3, 1, 1, 2, 2,
       2, 1, 3, 3, 3, 1, 3, 3, 1, 1, 2, 2, 3, 2, 2, 2, 2, 2, 3, 1, 1, 1,
       3, 3, 1, 2, 2, 1, 2, 2, 3, 1, 1, 2, 1, 3, 3, 3, 2, 3, 1, 3, 3, 3,
       1, 3, 2, 3, 3, 2, 1, 3, 2, 1, 3, 2, 2, 2, 1, 1, 1, 1, 2, 1, 3]), array([1, 1, 1, 1, 1, 1, 1, 1, 1, 1, 1, 1, 1, 1, 1, 1, 1, 1, 1, 1, 1, 1,
       1, 1, 1, 1, 1, 1, 1, 1, 1, 1, 1, 1, 1, 1, 1, 1, 1, 1, 1, 1, 1, 1,
       1, 1, 1, 1, 1, 1, 1, 1, 1, 1, 1, 1, 1, 1, 1, 1, 1, 1, 1, 1, 1, 1,
       1, 1, 1, 1, 1, 1, 1, 1, 1, 1, 1, 1, 1, 1, 1, 1, 1, 1, 1, 1, 1]))
(array([3, 2, 1, 1, 3, 1, 1, 1, 3, 3, 1, 2, 3, 3, 2, 2, 2, 3, 1, 1, 2, 2,
       2, 1, 3, 3, 3, 1, 3, 3, 1, 1, 2, 2, 3, 2, 2, 2, 2, 2, 3, 1, 1, 1,
       3, 3, 1, 2, 2, 1, 2, 2, 3, 1, 1, 2, 1, 3, 3, 3, 2, 3, 1, 3, 3, 3,
       1, 3, 2, 3, 3, 2, 1, 3, 2, 1, 3, 2, 2, 2, 1, 1, 1, 1, 2, 1, 3, 3]), array([1, 1, 1, 1, 1, 1, 1, 1, 1, 1, 1, 1, 1, 1, 1, 1, 1, 1, 1, 1, 1, 1,
       1, 1, 1, 1, 1, 1, 1, 1, 1, 1, 1, 1, 1, 1, 1, 1, 1, 1, 1, 1, 1, 1,
       1, 1, 1, 1, 1, 1, 1, 1, 1, 1, 1, 1, 1, 1, 1, 1, 1, 1, 1, 1, 1, 1,
       1, 1, 1, 1, 1, 1, 1, 1, 1, 1, 1, 1, 1, 1, 1, 1, 1, 1, 1, 1, 1, 1]))
(array([3, 2, 1, 1, 3, 1, 1, 1, 3, 3, 1, 2, 3, 3, 2, 2, 2, 3, 1, 1, 2, 2,
       2, 1, 3, 3, 3, 1, 3, 3, 1, 1, 2, 2, 3, 2, 2, 2, 2, 2, 3, 1, 1, 1,
       3, 3, 1, 2, 2, 1, 2, 2, 3, 1, 1, 2, 1, 3, 3, 3, 2, 3, 1, 3, 3, 3,
       1, 3, 2, 3, 3, 2, 1, 3, 2, 1, 3, 2, 2, 2, 1, 1, 1, 1, 2, 1, 3, 3,
       1]), array([1, 1, 1, 1, 1, 1, 1, 1, 1, 1, 1, 1, 1, 1, 1, 1, 1, 1, 1, 1, 1, 1,
       1, 1, 1, 1, 1, 1, 1, 1, 1, 1, 1, 1, 1, 1, 1, 1, 1, 1, 1, 1, 1, 1,
       1, 1, 1, 1, 1, 1, 1, 1, 1, 1, 1, 1, 1, 1, 1, 1, 1, 1, 1, 1, 1, 1,
       1, 1, 1, 1, 1, 1, 1, 1, 1, 1, 1, 1, 1, 1, 1, 1, 1, 1, 1, 1, 1, 1,
       1]))
(array([3, 2, 1, 1, 3, 1, 1, 1, 3, 3, 1, 2, 3, 3, 2, 2, 2, 3, 1, 1, 2, 2,
       2, 1, 3, 3, 3, 1, 3, 3, 1, 1, 2, 2, 3, 2, 2, 2, 2, 2, 3, 1, 1, 1,
       3, 3, 1, 2, 2, 1, 2, 2, 3, 1, 1, 2, 1, 3, 3, 3, 2, 3, 1, 3, 3, 3,
       1, 3, 2, 3, 3, 2, 1, 3, 2, 1, 3, 2, 2, 2, 1, 1, 1, 1, 2, 1, 3, 3,
       1, 2]), array([1, 1, 1, 1, 1, 1, 1, 1, 1, 1, 1, 1, 1, 1, 1, 1, 1, 1, 1, 1, 1, 1,
       1, 1, 1, 1, 1, 1, 1, 1, 1, 1, 1, 1, 1, 1, 1, 1, 1, 1, 1, 1, 1, 1,
       1, 1, 1, 1, 1, 1, 1, 1, 1, 1, 1, 1, 1, 1, 1, 1, 1, 1, 1, 1, 1, 1,
       1, 1, 1, 1, 1, 1, 1, 1, 1, 1, 1, 1, 1, 1, 1, 1, 1, 1, 1, 1, 1, 1,
       1, 1]))
(array([3, 2, 1, 1, 3, 1, 1, 1, 3, 3, 1, 2, 3, 3, 2, 2, 2, 3, 1, 1, 2, 2,
       2, 1, 3, 3, 3, 1, 3, 3, 1, 1, 2, 2, 3, 2, 2, 2, 2, 2, 3, 1, 1, 1,
       3, 3, 1, 2, 2, 1, 2, 2, 3, 1, 1, 2, 1, 3, 3, 3, 2, 3, 1, 3, 3, 3,
       1, 3, 2, 3, 3, 2, 1, 3, 2, 1, 3, 2, 2, 2, 1, 1, 1, 1, 2, 1, 3, 3,
       1, 2, 3]), array([1, 1, 1, 1, 1, 1, 1, 1, 1, 1, 1, 1, 1, 1, 1, 1, 1, 1, 1, 1, 1, 1,
       1, 1, 1, 1, 1, 1, 1, 1, 1, 1, 1, 1, 1, 1, 1, 1, 1, 1, 1, 1, 1, 1,
       1, 1, 1, 1, 1, 1, 1, 1, 1, 1, 1, 1, 1, 1, 1, 1, 1, 1, 1, 1, 1, 1,
       1, 1, 1, 1, 1, 1, 1, 1, 1, 1, 1, 1, 1, 1, 1, 1, 1, 1, 1, 1, 1, 1,
       1, 1, 1]))
(array([3, 2, 1, 1, 3, 1, 1, 1, 3, 3, 1, 2, 3, 3, 2, 2, 2, 3, 1, 1, 2, 2,
       2, 1, 3, 3, 3, 1, 3, 3, 1, 1, 2, 2, 3, 2, 2, 2, 2, 2, 3, 1, 1, 1,
       3, 3, 1, 2, 2, 1, 2, 2, 3, 1, 1, 2, 1, 3, 3, 3, 2, 3, 1, 3, 3, 3,
       1, 3, 2, 3, 3, 2, 1, 3, 2, 1, 3, 2, 2, 2, 1, 1, 1, 1, 2, 1, 3, 3,
       1, 2, 3, 3]), array([1, 1, 1, 1, 1, 1, 1, 1, 1, 1, 1, 1, 1, 1, 1, 1, 1, 1, 1, 1, 1, 1,
       1, 1, 1, 1, 1, 1, 1, 1, 1, 1, 1, 1, 1, 1, 1, 1, 1, 1, 1, 1, 1, 1,
       1, 1, 1, 1, 1, 1, 1, 1, 1, 1, 1, 1, 1, 1, 1, 1, 1, 1, 1, 1, 1, 1,
       1, 1, 1, 1, 1, 1, 1, 1, 1, 1, 1, 1, 1, 1, 1, 1, 1, 1, 1, 1, 1, 1,
       1, 1, 1, 1]))
(array([3, 2, 1, 1, 3, 1, 1, 1, 3, 3, 1, 2, 3, 3, 2, 2, 2, 3, 1, 1, 2, 2,
       2, 1, 3, 3, 3, 1, 3, 3, 1, 1, 2, 2, 3, 2, 2, 2, 2, 2, 3, 1, 1, 1,
       3, 3, 1, 2, 2, 1, 2, 2, 3, 1, 1, 2, 1, 3, 3, 3, 2, 3, 1, 3, 3, 3,
       1, 3, 2, 3, 3, 2, 1, 3, 2, 1, 3, 2, 2, 2, 1, 1, 1, 1, 2, 1, 3, 3,
       1, 2, 3, 3, 1]), array([1, 1, 1, 1, 1, 1, 1, 1, 1, 1, 1, 1, 1, 1, 1, 1, 1, 1, 1, 1, 1, 1,
       1, 1, 1, 1, 1, 1, 1, 1, 1, 1, 1, 1, 1, 1, 1, 1, 1, 1, 1, 1, 1, 1,
       1, 1, 1, 1, 1, 1, 1, 1, 1, 1, 1, 1, 1, 1, 1, 1, 1, 1, 1, 1, 1, 1,
       1, 1, 1, 1, 1, 1, 1, 1, 1, 1, 1, 1, 1, 1, 1, 1, 1, 1, 1, 1, 1, 1,
       1, 1, 1, 1, 1]))
(array([3, 2, 1, 1, 3, 1, 1, 1, 3, 3, 1, 2, 3, 3, 2, 2, 2, 3, 1, 1, 2, 2,
       2, 1, 3, 3, 3, 1, 3, 3, 1, 1, 2, 2, 3, 2, 2, 2, 2, 2, 3, 1, 1, 1,
       3, 3, 1, 2, 2, 1, 2, 2, 3, 1, 1, 2, 1, 3, 3, 3, 2, 3, 1, 3, 3, 3,
       1, 3, 2, 3, 3, 2, 1, 3, 2, 1, 3, 2, 2, 2, 1, 1, 1, 1, 2, 1, 3, 3,
       1, 2, 3, 3, 1, 2]), array([1, 1, 1, 1, 1, 1, 1, 1, 1, 1, 1, 1, 1, 1, 1, 1, 1, 1, 1, 1, 1, 1,
       1, 1, 1, 1, 1, 1, 1, 1, 1, 1, 1, 1, 1, 1, 1, 1, 1, 1, 1, 1, 1, 1,
       1, 1, 1, 1, 1, 1, 1, 1, 1, 1, 1, 1, 1, 1, 1, 1, 1, 1, 1, 1, 1, 1,
       1, 1, 1, 1, 1, 1, 1, 1, 1, 1, 1, 1, 1, 1, 1, 1, 1, 1, 1, 1, 1, 1,
       1, 1, 1, 1, 1, 1]))
(array([3, 2, 1, 1, 3, 1, 1, 1, 3, 3, 1, 2, 3, 3, 2, 2, 2, 3, 1, 1, 2, 2,
       2, 1, 3, 3, 3, 1, 3, 3, 1, 1, 2, 2, 3, 2, 2, 2, 2, 2, 3, 1, 1, 1,
       3, 3, 1, 2, 2, 1, 2, 2, 3, 1, 1, 2, 1, 3, 3, 3, 2, 3, 1, 3, 3, 3,
       1, 3, 2, 3, 3, 2, 1, 3, 2, 1, 3, 2, 2, 2, 1, 1, 1, 1, 2, 1, 3, 3,
       1, 2, 3, 3, 1, 2, 3]), array([1, 1, 1, 1, 1, 1, 1, 1, 1, 1, 1, 1, 1, 1, 1, 1, 1, 1, 1, 1, 1, 1,
       1, 1, 1, 1, 1, 1, 1, 1, 1, 1, 1, 1, 1, 1, 1, 1, 1, 1, 1, 1, 1, 1,
       1, 1, 1, 1, 1, 1, 1, 1, 1, 1, 1, 1, 1, 1, 1, 1, 1, 1, 1, 1, 1, 1,
       1, 1, 1, 1, 1, 1, 1, 1, 1, 1, 1, 1, 1, 1, 1, 1, 1, 1, 1, 1, 1, 1,
       1, 1, 1, 1, 1, 1, 1]))
(array([3, 2, 1, 1, 3, 1, 1, 1, 3, 3, 1, 2, 3, 3, 2, 2, 2, 3, 1, 1, 2, 2,
       2, 1, 3, 3, 3, 1, 3, 3, 1, 1, 2, 2, 3, 2, 2, 2, 2, 2, 3, 1, 1, 1,
       3, 3, 1, 2, 2, 1, 2, 2, 3, 1, 1, 2, 1, 3, 3, 3, 2, 3, 1, 3, 3, 3,
       1, 3, 2, 3, 3, 2, 1, 3, 2, 1, 3, 2, 2, 2, 1, 1, 1, 1, 2, 1, 3, 3,
       1, 2, 3, 3, 1, 2, 3, 2]), array([1, 1, 1, 1, 1, 1, 1, 1, 1, 1, 1, 1, 1, 1, 1, 1, 1, 1, 1, 1, 1, 1,
       1, 1, 1, 1, 1, 1, 1, 1, 1, 1, 1, 1, 1, 1, 1, 1, 1, 1, 1, 1, 1, 1,
       1, 1, 1, 1, 1, 1, 1, 1, 1, 1, 1, 1, 1, 1, 1, 1, 1, 1, 1, 1, 1, 1,
       1, 1, 1, 1, 1, 1, 1, 1, 1, 1, 1, 1, 1, 1, 1, 1, 1, 1, 1, 1, 1, 1,
       1, 1, 1, 1, 1, 1, 1, 1]))
(array([3, 2, 1, 1, 3, 1, 1, 1, 3, 3, 1, 2, 3, 3, 2, 2, 2, 3, 1, 1, 2, 2,
       2, 1, 3, 3, 3, 1, 3, 3, 1, 1, 2, 2, 3, 2, 2, 2, 2, 2, 3, 1, 1, 1,
       3, 3, 1, 2, 2, 1, 2, 2, 3, 1, 1, 2, 1, 3, 3, 3, 2, 3, 1, 3, 3, 3,
       1, 3, 2, 3, 3, 2, 1, 3, 2, 1, 3, 2, 2, 2, 1, 1, 1, 1, 2, 1, 3, 3,
       1, 2, 3, 3, 1, 2, 3, 2, 2]), array([1, 1, 1, 1, 1, 1, 1, 1, 1, 1, 1, 1, 1, 1, 1, 1, 1, 1, 1, 1, 1, 1,
       1, 1, 1, 1, 1, 1, 1, 1, 1, 1, 1, 1, 1, 1, 1, 1, 1, 1, 1, 1, 1, 1,
       1, 1, 1, 1, 1, 1, 1, 1, 1, 1, 1, 1, 1, 1, 1, 1, 1, 1, 1, 1, 1, 1,
       1, 1, 1, 1, 1, 1, 1, 1, 1, 1, 1, 1, 1, 1, 1, 1, 1, 1, 1, 1, 1, 1,
       1, 1, 1, 1, 1, 1, 1, 1, 1]))
(array([3, 2, 1, 1, 3, 1, 1, 1, 3, 3, 1, 2, 3, 3, 2, 2, 2, 3, 1, 1, 2, 2,
       2, 1, 3, 3, 3, 1, 3, 3, 1, 1, 2, 2, 3, 2, 2, 2, 2, 2, 3, 1, 1, 1,
       3, 3, 1, 2, 2, 1, 2, 2, 3, 1, 1, 2, 1, 3, 3, 3, 2, 3, 1, 3, 3, 3,
       1, 3, 2, 3, 3, 2, 1, 3, 2, 1, 3, 2, 2, 2, 1, 1, 1, 1, 2, 1, 3, 3,
       1, 2, 3, 3, 1, 2, 3, 2, 2, 3]), array([1, 1, 1, 1, 1, 1, 1, 1, 1, 1, 1, 1, 1, 1, 1, 1, 1, 1, 1, 1, 1, 1,
       1, 1, 1, 1, 1, 1, 1, 1, 1, 1, 1, 1, 1, 1, 1, 1, 1, 1, 1, 1, 1, 1,
       1, 1, 1, 1, 1, 1, 1, 1, 1, 1, 1, 1, 1, 1, 1, 1, 1, 1, 1, 1, 1, 1,
       1, 1, 1, 1, 1, 1, 1, 1, 1, 1, 1, 1, 1, 1, 1, 1, 1, 1, 1, 1, 1, 1,
       1, 1, 1, 1, 1, 1, 1, 1, 1, 1]))
(array([3, 2, 1, 1, 3, 1, 1, 1, 3, 3, 1, 2, 3, 3, 2, 2, 2, 3, 1, 1, 2, 2,
       2, 1, 3, 3, 3, 1, 3, 3, 1, 1, 2, 2, 3, 2, 2, 2, 2, 2, 3, 1, 1, 1,
       3, 3, 1, 2, 2, 1, 2, 2, 3, 1, 1, 2, 1, 3, 3, 3, 2, 3, 1, 3, 3, 3,
       1, 3, 2, 3, 3, 2, 1, 3, 2, 1, 3, 2, 2, 2, 1, 1, 1, 1, 2, 1, 3, 3,
       1, 2, 3, 3, 1, 2, 3, 2, 2, 3, 2]), array([1, 1, 1, 1, 1, 1, 1, 1, 1, 1, 1, 1, 1, 1, 1, 1, 1, 1, 1, 1, 1, 1,
       1, 1, 1, 1, 1, 1, 1, 1, 1, 1, 1, 1, 1, 1, 1, 1, 1, 1, 1, 1, 1, 1,
       1, 1, 1, 1, 1, 1, 1, 1, 1, 1, 1, 1, 1, 1, 1, 1, 1, 1, 1, 1, 1, 1,
       1, 1, 1, 1, 1, 1, 1, 1, 1, 1, 1, 1, 1, 1, 1, 1, 1, 1, 1, 1, 1, 1,
       1, 1, 1, 1, 1, 1, 1, 1, 1, 1, 1]))
(array([3, 2, 1, 1, 3, 1, 1, 1, 3, 3, 1, 2, 3, 3, 2, 2, 2, 3, 1, 1, 2, 2,
       2, 1, 3, 3, 3, 1, 3, 3, 1, 1, 2, 2, 3, 2, 2, 2, 2, 2, 3, 1, 1, 1,
       3, 3, 1, 2, 2, 1, 2, 2, 3, 1, 1, 2, 1, 3, 3, 3, 2, 3, 1, 3, 3, 3,
       1, 3, 2, 3, 3, 2, 1, 3, 2, 1, 3, 2, 2, 2, 1, 1, 1, 1, 2, 1, 3, 3,
       1, 2, 3, 3, 1, 2, 3, 2, 2, 3, 2, 3]), array([1, 1, 1, 1, 1, 1, 1, 1, 1, 1, 1, 1, 1, 1, 1, 1, 1, 1, 1, 1, 1, 1,
       1, 1, 1, 1, 1, 1, 1, 1, 1, 1, 1, 1, 1, 1, 1, 1, 1, 1, 1, 1, 1, 1,
       1, 1, 1, 1, 1, 1, 1, 1, 1, 1, 1, 1, 1, 1, 1, 1, 1, 1, 1, 1, 1, 1,
       1, 1, 1, 1, 1, 1, 1, 1, 1, 1, 1, 1, 1, 1, 1, 1, 1, 1, 1, 1, 1, 1,
       1, 1, 1, 1, 1, 1, 1, 1, 1, 1, 1, 1]))
(array([3, 2, 1, 1, 3, 1, 1, 1, 3, 3, 1, 2, 3, 3, 2, 2, 2, 3, 1, 1, 2, 2,
       2, 1, 3, 3, 3, 1, 3, 3, 1, 1, 2, 2, 3, 2, 2, 2, 2, 2, 3, 1, 1, 1,
       3, 3, 1, 2, 2, 1, 2, 2, 3, 1, 1, 2, 1, 3, 3, 3, 2, 3, 1, 3, 3, 3,
       1, 3, 2, 3, 3, 2, 1, 3, 2, 1, 3, 2, 2, 2, 1, 1, 1, 1, 2, 1, 3, 3,
       1, 2, 3, 3, 1, 2, 3, 2, 2, 3, 2, 3, 3]), array([1, 1, 1, 1, 1, 1, 1, 1, 1, 1, 1, 1, 1, 1, 1, 1, 1, 1, 1, 1, 1, 1,
       1, 1, 1, 1, 1, 1, 1, 1, 1, 1, 1, 1, 1, 1, 1, 1, 1, 1, 1, 1, 1, 1,
       1, 1, 1, 1, 1, 1, 1, 1, 1, 1, 1, 1, 1, 1, 1, 1, 1, 1, 1, 1, 1, 1,
       1, 1, 1, 1, 1, 1, 1, 1, 1, 1, 1, 1, 1, 1, 1, 1, 1, 1, 1, 1, 1, 1,
       1, 1, 1, 1, 1, 1, 1, 1, 1, 1, 1, 1, 1]))
FDTC of word 0: 0
FDTC of word 1: 0
FDTC of word 2: 1/4
FDTC of word 3: 1/3
FDTC of word 4: 1/2
FDTC of word 5: 1/2
FDTC of word 6: 1/2
FDTC of word 7: 1/2
FDTC of word 8: 1/2
FDTC of word 9: 1/2
FDTC of word 10: 1/2
FDTC of word 11: 1/2
FDTC of word 12: 1
FDTC of word 13: 1
FDTC of word 14: 1
FDTC of word 15: 1
FDTC of word 16: 1
FDTC of word 17: 0
FDTC of word 18: 1
FDTC of word 19: 1
FDTC of word 20: 1
FDTC of word 21: 1
FDTC of word 22: 1
FDTC of word 23: 2
FDTC of word 24: 2
FDTC of word 25: 2
FDTC of word 26: 2
FDTC of word 27: 2
FDTC of word 28: 2
FDTC of word 29: 2
FDTC of word 30: 2
FDTC of word 31: 2
FDTC of word 32: 2
FDTC of word 33: 2
FDTC of word 34: 2
FDTC of word 35: 2
FDTC of word 36: 2
FDTC of word 37: 2
FDTC of word 38: 2
FDTC of word 39: 2
FDTC of word 40: 2
FDTC of word 41: 2
FDTC of word 42: 2
FDTC of word 43: 2
FDTC of word 44: 2
FDTC of word 45: 2
FDTC of word 46: 2
FDTC of word 47: 2
FDTC of word 48: 2
FDTC of word 49: 3
FDTC of word 50: 3
FDTC of word 51: 3
FDTC of word 52: 3
FDTC of word 53: 3
FDTC of word 54: 3
FDTC of word 55: 3
FDTC of word 56: 3
FDTC of word 57: 3
FDTC of word 58: 3
FDTC of word 59: 3
FDTC of word 60: 3
FDTC of word 61: 3
FDTC of word 62: 3
FDTC of word 63: 3
FDTC of word 64: 3
FDTC of word 65: 3
FDTC of word 66: 3
FDTC of word 67: 3
FDTC of word 68: 3
FDTC of word 69: 4
FDTC of word 70: 4
FDTC of word 71: 4
FDTC of word 72: 4
FDTC of word 73: 4
FDTC of word 74: 4
FDTC of word 75: 4
FDTC of word 76: 4
FDTC of word 77: 4
FDTC of word 78: 4
FDTC of word 79: 4
FDTC of word 80: 5
FDTC of word 81: 5
FDTC of word 82: 5
FDTC of word 83: 5
FDTC of word 84: 5
FDTC of word 85: 5
FDTC of word 86: 5
FDTC of word 87: 5
FDTC of word 88: 5
FDTC of word 89: 5
FDTC of word 90: 5
FDTC of word 91: 5
FDTC of word 92: 5
FDTC of word 93: 5
FDTC of word 94: 5
FDTC of word 95: 5
FDTC of word 96: 5
FDTC of word 97: 6
FDTC of word 98: 6
FDTC of word 99: 6
FDTC of word 100: 6
====FREQUENCY TABLE======
For Uniform distribution, in B_4 we have:
0      90.1%
1/2     7.9%
1/4     1.0%
1/3     1.0%
Name: Fractional parts, dtype: object
====TRANSITION FREQUENCY TABLE======
For Uniform distribution, in B_4 we have:
(0, 0)        89.0%
(1/2, 1/2)     7.0%
(0, 1/4)       1.0%
(1/4, 1/3)     1.0%
(1/3, 1/2)     1.0%
(1/2, 0)       1.0%
Name: Transitions, dtype: object
