(array([4]), array([-1]))
(array([4, 2]), array([-1,  1]))
(array([4, 2, 4]), array([-1,  1,  1]))
(array([4, 2, 4, 1]), array([-1,  1,  1,  1]))
(array([4, 2, 4, 1, 2]), array([-1,  1,  1,  1,  1]))
(array([4, 2, 4, 1, 2, 1]), array([-1,  1,  1,  1,  1,  1]))
(array([4, 2, 4, 1, 2, 1, 1]), array([-1,  1,  1,  1,  1,  1,  1]))
(array([4, 2, 4, 1, 2, 1, 1, 2]), array([-1,  1,  1,  1,  1,  1,  1,  1]))
(array([4, 2, 4, 1, 2, 1, 1, 2, 2]), array([-1,  1,  1,  1,  1,  1,  1,  1,  1]))
(array([4, 2, 4, 1, 2, 1, 1, 2, 2, 4]), array([-1,  1,  1,  1,  1,  1,  1,  1,  1,  1]))
(array([4, 2, 4, 1, 2, 1, 1, 2, 2, 4, 2]), array([-1,  1,  1,  1,  1,  1,  1,  1,  1,  1,  1]))
(array([4, 2, 4, 1, 2, 1, 1, 2, 2, 4, 2, 4]), array([-1,  1,  1,  1,  1,  1,  1,  1,  1,  1,  1,  1]))
(array([4, 2, 4, 1, 2, 1, 1, 2, 2, 4, 2, 4, 1]), array([-1,  1,  1,  1,  1,  1,  1,  1,  1,  1,  1,  1,  1]))
(array([4, 2, 4, 1, 2, 1, 1, 2, 2, 4, 2, 4, 1, 3]), array([-1,  1,  1,  1,  1,  1,  1,  1,  1,  1,  1,  1,  1,  1]))
(array([4, 2, 4, 1, 2, 1, 1, 2, 2, 4, 2, 4, 1, 3, 4]), array([-1,  1,  1,  1,  1,  1,  1,  1,  1,  1,  1,  1,  1,  1, -1]))
(array([4, 2, 4, 1, 2, 1, 1, 2, 2, 4, 2, 4, 1, 3, 4, 2]), array([-1,  1,  1,  1,  1,  1,  1,  1,  1,  1,  1,  1,  1,  1, -1,  1]))
(array([4, 2, 4, 1, 2, 1, 1, 2, 2, 4, 2, 4, 1, 3, 4, 2, 1]), array([-1,  1,  1,  1,  1,  1,  1,  1,  1,  1,  1,  1,  1,  1, -1,  1,  1]))
(array([4, 2, 4, 1, 2, 1, 1, 2, 2, 4, 2, 4, 1, 3, 4, 2, 1, 2]), array([-1,  1,  1,  1,  1,  1,  1,  1,  1,  1,  1,  1,  1,  1, -1,  1,  1,
        1]))
(array([4, 2, 4, 1, 2, 1, 1, 2, 2, 4, 2, 4, 1, 3, 4, 2, 1, 2, 2]), array([-1,  1,  1,  1,  1,  1,  1,  1,  1,  1,  1,  1,  1,  1, -1,  1,  1,
        1,  1]))
(array([4, 2, 4, 1, 2, 1, 1, 2, 2, 4, 2, 4, 1, 3, 4, 2, 1, 2, 2, 3]), array([-1,  1,  1,  1,  1,  1,  1,  1,  1,  1,  1,  1,  1,  1, -1,  1,  1,
        1,  1,  1]))
(array([4, 2, 4, 1, 2, 1, 1, 2, 2, 4, 2, 4, 1, 3, 4, 2, 1, 2, 2, 3, 1]), array([-1,  1,  1,  1,  1,  1,  1,  1,  1,  1,  1,  1,  1,  1, -1,  1,  1,
        1,  1,  1,  1]))
(array([4, 2, 4, 1, 2, 1, 1, 2, 2, 4, 2, 4, 1, 3, 4, 2, 1, 2, 2, 3, 1, 2]), array([-1,  1,  1,  1,  1,  1,  1,  1,  1,  1,  1,  1,  1,  1, -1,  1,  1,
        1,  1,  1,  1,  1]))
(array([4, 2, 4, 1, 2, 1, 1, 2, 2, 4, 2, 4, 1, 3, 4, 2, 1, 2, 2, 3, 1, 2,
       1]), array([-1,  1,  1,  1,  1,  1,  1,  1,  1,  1,  1,  1,  1,  1, -1,  1,  1,
        1,  1,  1,  1,  1, -1]))
(array([4, 2, 4, 1, 2, 1, 1, 2, 2, 4, 2, 4, 1, 3, 4, 2, 1, 2, 2, 3, 1, 2,
       1, 2]), array([-1,  1,  1,  1,  1,  1,  1,  1,  1,  1,  1,  1,  1,  1, -1,  1,  1,
        1,  1,  1,  1,  1, -1,  1]))
(array([4, 2, 4, 1, 2, 1, 1, 2, 2, 4, 2, 4, 1, 3, 4, 2, 1, 2, 2, 3, 1, 2,
       1, 2, 1]), array([-1,  1,  1,  1,  1,  1,  1,  1,  1,  1,  1,  1,  1,  1, -1,  1,  1,
        1,  1,  1,  1,  1, -1,  1, -1]))
(array([4, 2, 4, 1, 2, 1, 1, 2, 2, 4, 2, 4, 1, 3, 4, 2, 1, 2, 2, 3, 1, 2,
       1, 2, 1, 3]), array([-1,  1,  1,  1,  1,  1,  1,  1,  1,  1,  1,  1,  1,  1, -1,  1,  1,
        1,  1,  1,  1,  1, -1,  1, -1,  1]))
(array([4, 2, 4, 1, 2, 1, 1, 2, 2, 4, 2, 4, 1, 3, 4, 2, 1, 2, 2, 3, 1, 2,
       1, 2, 1, 3, 2]), array([-1,  1,  1,  1,  1,  1,  1,  1,  1,  1,  1,  1,  1,  1, -1,  1,  1,
        1,  1,  1,  1,  1, -1,  1, -1,  1,  1]))
(array([4, 2, 4, 1, 2, 1, 1, 2, 2, 4, 2, 4, 1, 3, 4, 2, 1, 2, 2, 3, 1, 2,
       1, 2, 1, 3, 2, 3]), array([-1,  1,  1,  1,  1,  1,  1,  1,  1,  1,  1,  1,  1,  1, -1,  1,  1,
        1,  1,  1,  1,  1, -1,  1, -1,  1,  1, -1]))
(array([4, 2, 4, 1, 2, 1, 1, 2, 2, 4, 2, 4, 1, 3, 4, 2, 1, 2, 2, 3, 1, 2,
       1, 2, 1, 3, 2, 3, 1]), array([-1,  1,  1,  1,  1,  1,  1,  1,  1,  1,  1,  1,  1,  1, -1,  1,  1,
        1,  1,  1,  1,  1, -1,  1, -1,  1,  1, -1,  1]))
(array([4, 2, 4, 1, 2, 1, 1, 2, 2, 4, 2, 4, 1, 3, 4, 2, 1, 2, 2, 3, 1, 2,
       1, 2, 1, 3, 2, 3, 1, 1]), array([-1,  1,  1,  1,  1,  1,  1,  1,  1,  1,  1,  1,  1,  1, -1,  1,  1,
        1,  1,  1,  1,  1, -1,  1, -1,  1,  1, -1,  1, -1]))
(array([4, 2, 4, 1, 2, 1, 1, 2, 2, 4, 2, 4, 1, 3, 4, 2, 1, 2, 2, 3, 1, 2,
       1, 2, 1, 3, 2, 3, 1, 1, 4]), array([-1,  1,  1,  1,  1,  1,  1,  1,  1,  1,  1,  1,  1,  1, -1,  1,  1,
        1,  1,  1,  1,  1, -1,  1, -1,  1,  1, -1,  1, -1,  1]))
(array([4, 2, 4, 1, 2, 1, 1, 2, 2, 4, 2, 4, 1, 3, 4, 2, 1, 2, 2, 3, 1, 2,
       1, 2, 1, 3, 2, 3, 1, 1, 4, 3]), array([-1,  1,  1,  1,  1,  1,  1,  1,  1,  1,  1,  1,  1,  1, -1,  1,  1,
        1,  1,  1,  1,  1, -1,  1, -1,  1,  1, -1,  1, -1,  1,  1]))
(array([4, 2, 4, 1, 2, 1, 1, 2, 2, 4, 2, 4, 1, 3, 4, 2, 1, 2, 2, 3, 1, 2,
       1, 2, 1, 3, 2, 3, 1, 1, 4, 3, 4]), array([-1,  1,  1,  1,  1,  1,  1,  1,  1,  1,  1,  1,  1,  1, -1,  1,  1,
        1,  1,  1,  1,  1, -1,  1, -1,  1,  1, -1,  1, -1,  1,  1, -1]))
(array([4, 2, 4, 1, 2, 1, 1, 2, 2, 4, 2, 4, 1, 3, 4, 2, 1, 2, 2, 3, 1, 2,
       1, 2, 1, 3, 2, 3, 1, 1, 4, 3, 4, 1]), array([-1,  1,  1,  1,  1,  1,  1,  1,  1,  1,  1,  1,  1,  1, -1,  1,  1,
        1,  1,  1,  1,  1, -1,  1, -1,  1,  1, -1,  1, -1,  1,  1, -1,  1]))
(array([4, 2, 4, 1, 2, 1, 1, 2, 2, 4, 2, 4, 1, 3, 4, 2, 1, 2, 2, 3, 1, 2,
       1, 2, 1, 3, 2, 3, 1, 1, 4, 3, 4, 1, 2]), array([-1,  1,  1,  1,  1,  1,  1,  1,  1,  1,  1,  1,  1,  1, -1,  1,  1,
        1,  1,  1,  1,  1, -1,  1, -1,  1,  1, -1,  1, -1,  1,  1, -1,  1,
       -1]))
(array([4, 2, 4, 1, 2, 1, 1, 2, 2, 4, 2, 4, 1, 3, 4, 2, 1, 2, 2, 3, 1, 2,
       1, 2, 1, 3, 2, 3, 1, 1, 4, 3, 4, 1, 2, 2]), array([-1,  1,  1,  1,  1,  1,  1,  1,  1,  1,  1,  1,  1,  1, -1,  1,  1,
        1,  1,  1,  1,  1, -1,  1, -1,  1,  1, -1,  1, -1,  1,  1, -1,  1,
       -1,  1]))
(array([4, 2, 4, 1, 2, 1, 1, 2, 2, 4, 2, 4, 1, 3, 4, 2, 1, 2, 2, 3, 1, 2,
       1, 2, 1, 3, 2, 3, 1, 1, 4, 3, 4, 1, 2, 2, 2]), array([-1,  1,  1,  1,  1,  1,  1,  1,  1,  1,  1,  1,  1,  1, -1,  1,  1,
        1,  1,  1,  1,  1, -1,  1, -1,  1,  1, -1,  1, -1,  1,  1, -1,  1,
       -1,  1,  1]))
(array([4, 2, 4, 1, 2, 1, 1, 2, 2, 4, 2, 4, 1, 3, 4, 2, 1, 2, 2, 3, 1, 2,
       1, 2, 1, 3, 2, 3, 1, 1, 4, 3, 4, 1, 2, 2, 2, 2]), array([-1,  1,  1,  1,  1,  1,  1,  1,  1,  1,  1,  1,  1,  1, -1,  1,  1,
        1,  1,  1,  1,  1, -1,  1, -1,  1,  1, -1,  1, -1,  1,  1, -1,  1,
       -1,  1,  1,  1]))
(array([4, 2, 4, 1, 2, 1, 1, 2, 2, 4, 2, 4, 1, 3, 4, 2, 1, 2, 2, 3, 1, 2,
       1, 2, 1, 3, 2, 3, 1, 1, 4, 3, 4, 1, 2, 2, 2, 2, 1]), array([-1,  1,  1,  1,  1,  1,  1,  1,  1,  1,  1,  1,  1,  1, -1,  1,  1,
        1,  1,  1,  1,  1, -1,  1, -1,  1,  1, -1,  1, -1,  1,  1, -1,  1,
       -1,  1,  1,  1,  1]))
(array([4, 2, 4, 1, 2, 1, 1, 2, 2, 4, 2, 4, 1, 3, 4, 2, 1, 2, 2, 3, 1, 2,
       1, 2, 1, 3, 2, 3, 1, 1, 4, 3, 4, 1, 2, 2, 2, 2, 1, 2]), array([-1,  1,  1,  1,  1,  1,  1,  1,  1,  1,  1,  1,  1,  1, -1,  1,  1,
        1,  1,  1,  1,  1, -1,  1, -1,  1,  1, -1,  1, -1,  1,  1, -1,  1,
       -1,  1,  1,  1,  1,  1]))
(array([4, 2, 4, 1, 2, 1, 1, 2, 2, 4, 2, 4, 1, 3, 4, 2, 1, 2, 2, 3, 1, 2,
       1, 2, 1, 3, 2, 3, 1, 1, 4, 3, 4, 1, 2, 2, 2, 2, 1, 2, 1]), array([-1,  1,  1,  1,  1,  1,  1,  1,  1,  1,  1,  1,  1,  1, -1,  1,  1,
        1,  1,  1,  1,  1, -1,  1, -1,  1,  1, -1,  1, -1,  1,  1, -1,  1,
       -1,  1,  1,  1,  1,  1,  1]))
(array([4, 2, 4, 1, 2, 1, 1, 2, 2, 4, 2, 4, 1, 3, 4, 2, 1, 2, 2, 3, 1, 2,
       1, 2, 1, 3, 2, 3, 1, 1, 4, 3, 4, 1, 2, 2, 2, 2, 1, 2, 1, 1]), array([-1,  1,  1,  1,  1,  1,  1,  1,  1,  1,  1,  1,  1,  1, -1,  1,  1,
        1,  1,  1,  1,  1, -1,  1, -1,  1,  1, -1,  1, -1,  1,  1, -1,  1,
       -1,  1,  1,  1,  1,  1,  1, -1]))
(array([4, 2, 4, 1, 2, 1, 1, 2, 2, 4, 2, 4, 1, 3, 4, 2, 1, 2, 2, 3, 1, 2,
       1, 2, 1, 3, 2, 3, 1, 1, 4, 3, 4, 1, 2, 2, 2, 2, 1, 2, 1, 1, 2]), array([-1,  1,  1,  1,  1,  1,  1,  1,  1,  1,  1,  1,  1,  1, -1,  1,  1,
        1,  1,  1,  1,  1, -1,  1, -1,  1,  1, -1,  1, -1,  1,  1, -1,  1,
       -1,  1,  1,  1,  1,  1,  1, -1,  1]))
(array([4, 2, 4, 1, 2, 1, 1, 2, 2, 4, 2, 4, 1, 3, 4, 2, 1, 2, 2, 3, 1, 2,
       1, 2, 1, 3, 2, 3, 1, 1, 4, 3, 4, 1, 2, 2, 2, 2, 1, 2, 1, 1, 2, 2]), array([-1,  1,  1,  1,  1,  1,  1,  1,  1,  1,  1,  1,  1,  1, -1,  1,  1,
        1,  1,  1,  1,  1, -1,  1, -1,  1,  1, -1,  1, -1,  1,  1, -1,  1,
       -1,  1,  1,  1,  1,  1,  1, -1,  1,  1]))
(array([4, 2, 4, 1, 2, 1, 1, 2, 2, 4, 2, 4, 1, 3, 4, 2, 1, 2, 2, 3, 1, 2,
       1, 2, 1, 3, 2, 3, 1, 1, 4, 3, 4, 1, 2, 2, 2, 2, 1, 2, 1, 1, 2, 2,
       3]), array([-1,  1,  1,  1,  1,  1,  1,  1,  1,  1,  1,  1,  1,  1, -1,  1,  1,
        1,  1,  1,  1,  1, -1,  1, -1,  1,  1, -1,  1, -1,  1,  1, -1,  1,
       -1,  1,  1,  1,  1,  1,  1, -1,  1,  1, -1]))
(array([4, 2, 4, 1, 2, 1, 1, 2, 2, 4, 2, 4, 1, 3, 4, 2, 1, 2, 2, 3, 1, 2,
       1, 2, 1, 3, 2, 3, 1, 1, 4, 3, 4, 1, 2, 2, 2, 2, 1, 2, 1, 1, 2, 2,
       3, 1]), array([-1,  1,  1,  1,  1,  1,  1,  1,  1,  1,  1,  1,  1,  1, -1,  1,  1,
        1,  1,  1,  1,  1, -1,  1, -1,  1,  1, -1,  1, -1,  1,  1, -1,  1,
       -1,  1,  1,  1,  1,  1,  1, -1,  1,  1, -1,  1]))
(array([4, 2, 4, 1, 2, 1, 1, 2, 2, 4, 2, 4, 1, 3, 4, 2, 1, 2, 2, 3, 1, 2,
       1, 2, 1, 3, 2, 3, 1, 1, 4, 3, 4, 1, 2, 2, 2, 2, 1, 2, 1, 1, 2, 2,
       3, 1, 1]), array([-1,  1,  1,  1,  1,  1,  1,  1,  1,  1,  1,  1,  1,  1, -1,  1,  1,
        1,  1,  1,  1,  1, -1,  1, -1,  1,  1, -1,  1, -1,  1,  1, -1,  1,
       -1,  1,  1,  1,  1,  1,  1, -1,  1,  1, -1,  1,  1]))
(array([4, 2, 4, 1, 2, 1, 1, 2, 2, 4, 2, 4, 1, 3, 4, 2, 1, 2, 2, 3, 1, 2,
       1, 2, 1, 3, 2, 3, 1, 1, 4, 3, 4, 1, 2, 2, 2, 2, 1, 2, 1, 1, 2, 2,
       3, 1, 1, 1]), array([-1,  1,  1,  1,  1,  1,  1,  1,  1,  1,  1,  1,  1,  1, -1,  1,  1,
        1,  1,  1,  1,  1, -1,  1, -1,  1,  1, -1,  1, -1,  1,  1, -1,  1,
       -1,  1,  1,  1,  1,  1,  1, -1,  1,  1, -1,  1,  1,  1]))
(array([4, 2, 4, 1, 2, 1, 1, 2, 2, 4, 2, 4, 1, 3, 4, 2, 1, 2, 2, 3, 1, 2,
       1, 2, 1, 3, 2, 3, 1, 1, 4, 3, 4, 1, 2, 2, 2, 2, 1, 2, 1, 1, 2, 2,
       3, 1, 1, 1, 2]), array([-1,  1,  1,  1,  1,  1,  1,  1,  1,  1,  1,  1,  1,  1, -1,  1,  1,
        1,  1,  1,  1,  1, -1,  1, -1,  1,  1, -1,  1, -1,  1,  1, -1,  1,
       -1,  1,  1,  1,  1,  1,  1, -1,  1,  1, -1,  1,  1,  1,  1]))
(array([4, 2, 4, 1, 2, 1, 1, 2, 2, 4, 2, 4, 1, 3, 4, 2, 1, 2, 2, 3, 1, 2,
       1, 2, 1, 3, 2, 3, 1, 1, 4, 3, 4, 1, 2, 2, 2, 2, 1, 2, 1, 1, 2, 2,
       3, 1, 1, 1, 2, 3]), array([-1,  1,  1,  1,  1,  1,  1,  1,  1,  1,  1,  1,  1,  1, -1,  1,  1,
        1,  1,  1,  1,  1, -1,  1, -1,  1,  1, -1,  1, -1,  1,  1, -1,  1,
       -1,  1,  1,  1,  1,  1,  1, -1,  1,  1, -1,  1,  1,  1,  1,  1]))
(array([4, 2, 4, 1, 2, 1, 1, 2, 2, 4, 2, 4, 1, 3, 4, 2, 1, 2, 2, 3, 1, 2,
       1, 2, 1, 3, 2, 3, 1, 1, 4, 3, 4, 1, 2, 2, 2, 2, 1, 2, 1, 1, 2, 2,
       3, 1, 1, 1, 2, 3, 2]), array([-1,  1,  1,  1,  1,  1,  1,  1,  1,  1,  1,  1,  1,  1, -1,  1,  1,
        1,  1,  1,  1,  1, -1,  1, -1,  1,  1, -1,  1, -1,  1,  1, -1,  1,
       -1,  1,  1,  1,  1,  1,  1, -1,  1,  1, -1,  1,  1,  1,  1,  1,  1]))
(array([4, 2, 4, 1, 2, 1, 1, 2, 2, 4, 2, 4, 1, 3, 4, 2, 1, 2, 2, 3, 1, 2,
       1, 2, 1, 3, 2, 3, 1, 1, 4, 3, 4, 1, 2, 2, 2, 2, 1, 2, 1, 1, 2, 2,
       3, 1, 1, 1, 2, 3, 2, 2]), array([-1,  1,  1,  1,  1,  1,  1,  1,  1,  1,  1,  1,  1,  1, -1,  1,  1,
        1,  1,  1,  1,  1, -1,  1, -1,  1,  1, -1,  1, -1,  1,  1, -1,  1,
       -1,  1,  1,  1,  1,  1,  1, -1,  1,  1, -1,  1,  1,  1,  1,  1,  1,
        1]))
(array([4, 2, 4, 1, 2, 1, 1, 2, 2, 4, 2, 4, 1, 3, 4, 2, 1, 2, 2, 3, 1, 2,
       1, 2, 1, 3, 2, 3, 1, 1, 4, 3, 4, 1, 2, 2, 2, 2, 1, 2, 1, 1, 2, 2,
       3, 1, 1, 1, 2, 3, 2, 2, 3]), array([-1,  1,  1,  1,  1,  1,  1,  1,  1,  1,  1,  1,  1,  1, -1,  1,  1,
        1,  1,  1,  1,  1, -1,  1, -1,  1,  1, -1,  1, -1,  1,  1, -1,  1,
       -1,  1,  1,  1,  1,  1,  1, -1,  1,  1, -1,  1,  1,  1,  1,  1,  1,
        1,  1]))
(array([4, 2, 4, 1, 2, 1, 1, 2, 2, 4, 2, 4, 1, 3, 4, 2, 1, 2, 2, 3, 1, 2,
       1, 2, 1, 3, 2, 3, 1, 1, 4, 3, 4, 1, 2, 2, 2, 2, 1, 2, 1, 1, 2, 2,
       3, 1, 1, 1, 2, 3, 2, 2, 3, 2]), array([-1,  1,  1,  1,  1,  1,  1,  1,  1,  1,  1,  1,  1,  1, -1,  1,  1,
        1,  1,  1,  1,  1, -1,  1, -1,  1,  1, -1,  1, -1,  1,  1, -1,  1,
       -1,  1,  1,  1,  1,  1,  1, -1,  1,  1, -1,  1,  1,  1,  1,  1,  1,
        1,  1, -1]))
(array([4, 2, 4, 1, 2, 1, 1, 2, 2, 4, 2, 4, 1, 3, 4, 2, 1, 2, 2, 3, 1, 2,
       1, 2, 1, 3, 2, 3, 1, 1, 4, 3, 4, 1, 2, 2, 2, 2, 1, 2, 1, 1, 2, 2,
       3, 1, 1, 1, 2, 3, 2, 2, 3, 2, 1]), array([-1,  1,  1,  1,  1,  1,  1,  1,  1,  1,  1,  1,  1,  1, -1,  1,  1,
        1,  1,  1,  1,  1, -1,  1, -1,  1,  1, -1,  1, -1,  1,  1, -1,  1,
       -1,  1,  1,  1,  1,  1,  1, -1,  1,  1, -1,  1,  1,  1,  1,  1,  1,
        1,  1, -1,  1]))
(array([4, 2, 4, 1, 2, 1, 1, 2, 2, 4, 2, 4, 1, 3, 4, 2, 1, 2, 2, 3, 1, 2,
       1, 2, 1, 3, 2, 3, 1, 1, 4, 3, 4, 1, 2, 2, 2, 2, 1, 2, 1, 1, 2, 2,
       3, 1, 1, 1, 2, 3, 2, 2, 3, 2, 1, 3]), array([-1,  1,  1,  1,  1,  1,  1,  1,  1,  1,  1,  1,  1,  1, -1,  1,  1,
        1,  1,  1,  1,  1, -1,  1, -1,  1,  1, -1,  1, -1,  1,  1, -1,  1,
       -1,  1,  1,  1,  1,  1,  1, -1,  1,  1, -1,  1,  1,  1,  1,  1,  1,
        1,  1, -1,  1,  1]))
(array([4, 2, 4, 1, 2, 1, 1, 2, 2, 4, 2, 4, 1, 3, 4, 2, 1, 2, 2, 3, 1, 2,
       1, 2, 1, 3, 2, 3, 1, 1, 4, 3, 4, 1, 2, 2, 2, 2, 1, 2, 1, 1, 2, 2,
       3, 1, 1, 1, 2, 3, 2, 2, 3, 2, 1, 3, 1]), array([-1,  1,  1,  1,  1,  1,  1,  1,  1,  1,  1,  1,  1,  1, -1,  1,  1,
        1,  1,  1,  1,  1, -1,  1, -1,  1,  1, -1,  1, -1,  1,  1, -1,  1,
       -1,  1,  1,  1,  1,  1,  1, -1,  1,  1, -1,  1,  1,  1,  1,  1,  1,
        1,  1, -1,  1,  1,  1]))
(array([4, 2, 4, 1, 2, 1, 1, 2, 2, 4, 2, 4, 1, 3, 4, 2, 1, 2, 2, 3, 1, 2,
       1, 2, 1, 3, 2, 3, 1, 1, 4, 3, 4, 1, 2, 2, 2, 2, 1, 2, 1, 1, 2, 2,
       3, 1, 1, 1, 2, 3, 2, 2, 3, 2, 1, 3, 1, 2]), array([-1,  1,  1,  1,  1,  1,  1,  1,  1,  1,  1,  1,  1,  1, -1,  1,  1,
        1,  1,  1,  1,  1, -1,  1, -1,  1,  1, -1,  1, -1,  1,  1, -1,  1,
       -1,  1,  1,  1,  1,  1,  1, -1,  1,  1, -1,  1,  1,  1,  1,  1,  1,
        1,  1, -1,  1,  1,  1,  1]))
(array([4, 2, 4, 1, 2, 1, 1, 2, 2, 4, 2, 4, 1, 3, 4, 2, 1, 2, 2, 3, 1, 2,
       1, 2, 1, 3, 2, 3, 1, 1, 4, 3, 4, 1, 2, 2, 2, 2, 1, 2, 1, 1, 2, 2,
       3, 1, 1, 1, 2, 3, 2, 2, 3, 2, 1, 3, 1, 2, 1]), array([-1,  1,  1,  1,  1,  1,  1,  1,  1,  1,  1,  1,  1,  1, -1,  1,  1,
        1,  1,  1,  1,  1, -1,  1, -1,  1,  1, -1,  1, -1,  1,  1, -1,  1,
       -1,  1,  1,  1,  1,  1,  1, -1,  1,  1, -1,  1,  1,  1,  1,  1,  1,
        1,  1, -1,  1,  1,  1,  1,  1]))
(array([4, 2, 4, 1, 2, 1, 1, 2, 2, 4, 2, 4, 1, 3, 4, 2, 1, 2, 2, 3, 1, 2,
       1, 2, 1, 3, 2, 3, 1, 1, 4, 3, 4, 1, 2, 2, 2, 2, 1, 2, 1, 1, 2, 2,
       3, 1, 1, 1, 2, 3, 2, 2, 3, 2, 1, 3, 1, 2, 1, 4]), array([-1,  1,  1,  1,  1,  1,  1,  1,  1,  1,  1,  1,  1,  1, -1,  1,  1,
        1,  1,  1,  1,  1, -1,  1, -1,  1,  1, -1,  1, -1,  1,  1, -1,  1,
       -1,  1,  1,  1,  1,  1,  1, -1,  1,  1, -1,  1,  1,  1,  1,  1,  1,
        1,  1, -1,  1,  1,  1,  1,  1,  1]))
(array([4, 2, 4, 1, 2, 1, 1, 2, 2, 4, 2, 4, 1, 3, 4, 2, 1, 2, 2, 3, 1, 2,
       1, 2, 1, 3, 2, 3, 1, 1, 4, 3, 4, 1, 2, 2, 2, 2, 1, 2, 1, 1, 2, 2,
       3, 1, 1, 1, 2, 3, 2, 2, 3, 2, 1, 3, 1, 2, 1, 4, 2]), array([-1,  1,  1,  1,  1,  1,  1,  1,  1,  1,  1,  1,  1,  1, -1,  1,  1,
        1,  1,  1,  1,  1, -1,  1, -1,  1,  1, -1,  1, -1,  1,  1, -1,  1,
       -1,  1,  1,  1,  1,  1,  1, -1,  1,  1, -1,  1,  1,  1,  1,  1,  1,
        1,  1, -1,  1,  1,  1,  1,  1,  1,  1]))
(array([4, 2, 4, 1, 2, 1, 1, 2, 2, 4, 2, 4, 1, 3, 4, 2, 1, 2, 2, 3, 1, 2,
       1, 2, 1, 3, 2, 3, 1, 1, 4, 3, 4, 1, 2, 2, 2, 2, 1, 2, 1, 1, 2, 2,
       3, 1, 1, 1, 2, 3, 2, 2, 3, 2, 1, 3, 1, 2, 1, 4, 2, 3]), array([-1,  1,  1,  1,  1,  1,  1,  1,  1,  1,  1,  1,  1,  1, -1,  1,  1,
        1,  1,  1,  1,  1, -1,  1, -1,  1,  1, -1,  1, -1,  1,  1, -1,  1,
       -1,  1,  1,  1,  1,  1,  1, -1,  1,  1, -1,  1,  1,  1,  1,  1,  1,
        1,  1, -1,  1,  1,  1,  1,  1,  1,  1,  1]))
(array([4, 2, 4, 1, 2, 1, 1, 2, 2, 4, 2, 4, 1, 3, 4, 2, 1, 2, 2, 3, 1, 2,
       1, 2, 1, 3, 2, 3, 1, 1, 4, 3, 4, 1, 2, 2, 2, 2, 1, 2, 1, 1, 2, 2,
       3, 1, 1, 1, 2, 3, 2, 2, 3, 2, 1, 3, 1, 2, 1, 4, 2, 3, 1]), array([-1,  1,  1,  1,  1,  1,  1,  1,  1,  1,  1,  1,  1,  1, -1,  1,  1,
        1,  1,  1,  1,  1, -1,  1, -1,  1,  1, -1,  1, -1,  1,  1, -1,  1,
       -1,  1,  1,  1,  1,  1,  1, -1,  1,  1, -1,  1,  1,  1,  1,  1,  1,
        1,  1, -1,  1,  1,  1,  1,  1,  1,  1,  1,  1]))
(array([4, 2, 4, 1, 2, 1, 1, 2, 2, 4, 2, 4, 1, 3, 4, 2, 1, 2, 2, 3, 1, 2,
       1, 2, 1, 3, 2, 3, 1, 1, 4, 3, 4, 1, 2, 2, 2, 2, 1, 2, 1, 1, 2, 2,
       3, 1, 1, 1, 2, 3, 2, 2, 3, 2, 1, 3, 1, 2, 1, 4, 2, 3, 1, 2]), array([-1,  1,  1,  1,  1,  1,  1,  1,  1,  1,  1,  1,  1,  1, -1,  1,  1,
        1,  1,  1,  1,  1, -1,  1, -1,  1,  1, -1,  1, -1,  1,  1, -1,  1,
       -1,  1,  1,  1,  1,  1,  1, -1,  1,  1, -1,  1,  1,  1,  1,  1,  1,
        1,  1, -1,  1,  1,  1,  1,  1,  1,  1,  1,  1,  1]))
(array([4, 2, 4, 1, 2, 1, 1, 2, 2, 4, 2, 4, 1, 3, 4, 2, 1, 2, 2, 3, 1, 2,
       1, 2, 1, 3, 2, 3, 1, 1, 4, 3, 4, 1, 2, 2, 2, 2, 1, 2, 1, 1, 2, 2,
       3, 1, 1, 1, 2, 3, 2, 2, 3, 2, 1, 3, 1, 2, 1, 4, 2, 3, 1, 2, 2]), array([-1,  1,  1,  1,  1,  1,  1,  1,  1,  1,  1,  1,  1,  1, -1,  1,  1,
        1,  1,  1,  1,  1, -1,  1, -1,  1,  1, -1,  1, -1,  1,  1, -1,  1,
       -1,  1,  1,  1,  1,  1,  1, -1,  1,  1, -1,  1,  1,  1,  1,  1,  1,
        1,  1, -1,  1,  1,  1,  1,  1,  1,  1,  1,  1,  1,  1]))
(array([4, 2, 4, 1, 2, 1, 1, 2, 2, 4, 2, 4, 1, 3, 4, 2, 1, 2, 2, 3, 1, 2,
       1, 2, 1, 3, 2, 3, 1, 1, 4, 3, 4, 1, 2, 2, 2, 2, 1, 2, 1, 1, 2, 2,
       3, 1, 1, 1, 2, 3, 2, 2, 3, 2, 1, 3, 1, 2, 1, 4, 2, 3, 1, 2, 2, 1]), array([-1,  1,  1,  1,  1,  1,  1,  1,  1,  1,  1,  1,  1,  1, -1,  1,  1,
        1,  1,  1,  1,  1, -1,  1, -1,  1,  1, -1,  1, -1,  1,  1, -1,  1,
       -1,  1,  1,  1,  1,  1,  1, -1,  1,  1, -1,  1,  1,  1,  1,  1,  1,
        1,  1, -1,  1,  1,  1,  1,  1,  1,  1,  1,  1,  1,  1,  1]))
(array([4, 2, 4, 1, 2, 1, 1, 2, 2, 4, 2, 4, 1, 3, 4, 2, 1, 2, 2, 3, 1, 2,
       1, 2, 1, 3, 2, 3, 1, 1, 4, 3, 4, 1, 2, 2, 2, 2, 1, 2, 1, 1, 2, 2,
       3, 1, 1, 1, 2, 3, 2, 2, 3, 2, 1, 3, 1, 2, 1, 4, 2, 3, 1, 2, 2, 1,
       2]), array([-1,  1,  1,  1,  1,  1,  1,  1,  1,  1,  1,  1,  1,  1, -1,  1,  1,
        1,  1,  1,  1,  1, -1,  1, -1,  1,  1, -1,  1, -1,  1,  1, -1,  1,
       -1,  1,  1,  1,  1,  1,  1, -1,  1,  1, -1,  1,  1,  1,  1,  1,  1,
        1,  1, -1,  1,  1,  1,  1,  1,  1,  1,  1,  1,  1,  1,  1,  1]))
(array([4, 2, 4, 1, 2, 1, 1, 2, 2, 4, 2, 4, 1, 3, 4, 2, 1, 2, 2, 3, 1, 2,
       1, 2, 1, 3, 2, 3, 1, 1, 4, 3, 4, 1, 2, 2, 2, 2, 1, 2, 1, 1, 2, 2,
       3, 1, 1, 1, 2, 3, 2, 2, 3, 2, 1, 3, 1, 2, 1, 4, 2, 3, 1, 2, 2, 1,
       2, 2]), array([-1,  1,  1,  1,  1,  1,  1,  1,  1,  1,  1,  1,  1,  1, -1,  1,  1,
        1,  1,  1,  1,  1, -1,  1, -1,  1,  1, -1,  1, -1,  1,  1, -1,  1,
       -1,  1,  1,  1,  1,  1,  1, -1,  1,  1, -1,  1,  1,  1,  1,  1,  1,
        1,  1, -1,  1,  1,  1,  1,  1,  1,  1,  1,  1,  1,  1,  1,  1,  1]))
(array([4, 2, 4, 1, 2, 1, 1, 2, 2, 4, 2, 4, 1, 3, 4, 2, 1, 2, 2, 3, 1, 2,
       1, 2, 1, 3, 2, 3, 1, 1, 4, 3, 4, 1, 2, 2, 2, 2, 1, 2, 1, 1, 2, 2,
       3, 1, 1, 1, 2, 3, 2, 2, 3, 2, 1, 3, 1, 2, 1, 4, 2, 3, 1, 2, 2, 1,
       2, 2, 2]), array([-1,  1,  1,  1,  1,  1,  1,  1,  1,  1,  1,  1,  1,  1, -1,  1,  1,
        1,  1,  1,  1,  1, -1,  1, -1,  1,  1, -1,  1, -1,  1,  1, -1,  1,
       -1,  1,  1,  1,  1,  1,  1, -1,  1,  1, -1,  1,  1,  1,  1,  1,  1,
        1,  1, -1,  1,  1,  1,  1,  1,  1,  1,  1,  1,  1,  1,  1,  1,  1,
        1]))
(array([4, 2, 4, 1, 2, 1, 1, 2, 2, 4, 2, 4, 1, 3, 4, 2, 1, 2, 2, 3, 1, 2,
       1, 2, 1, 3, 2, 3, 1, 1, 4, 3, 4, 1, 2, 2, 2, 2, 1, 2, 1, 1, 2, 2,
       3, 1, 1, 1, 2, 3, 2, 2, 3, 2, 1, 3, 1, 2, 1, 4, 2, 3, 1, 2, 2, 1,
       2, 2, 2, 4]), array([-1,  1,  1,  1,  1,  1,  1,  1,  1,  1,  1,  1,  1,  1, -1,  1,  1,
        1,  1,  1,  1,  1, -1,  1, -1,  1,  1, -1,  1, -1,  1,  1, -1,  1,
       -1,  1,  1,  1,  1,  1,  1, -1,  1,  1, -1,  1,  1,  1,  1,  1,  1,
        1,  1, -1,  1,  1,  1,  1,  1,  1,  1,  1,  1,  1,  1,  1,  1,  1,
        1,  1]))
(array([4, 2, 4, 1, 2, 1, 1, 2, 2, 4, 2, 4, 1, 3, 4, 2, 1, 2, 2, 3, 1, 2,
       1, 2, 1, 3, 2, 3, 1, 1, 4, 3, 4, 1, 2, 2, 2, 2, 1, 2, 1, 1, 2, 2,
       3, 1, 1, 1, 2, 3, 2, 2, 3, 2, 1, 3, 1, 2, 1, 4, 2, 3, 1, 2, 2, 1,
       2, 2, 2, 4, 1]), array([-1,  1,  1,  1,  1,  1,  1,  1,  1,  1,  1,  1,  1,  1, -1,  1,  1,
        1,  1,  1,  1,  1, -1,  1, -1,  1,  1, -1,  1, -1,  1,  1, -1,  1,
       -1,  1,  1,  1,  1,  1,  1, -1,  1,  1, -1,  1,  1,  1,  1,  1,  1,
        1,  1, -1,  1,  1,  1,  1,  1,  1,  1,  1,  1,  1,  1,  1,  1,  1,
        1,  1,  1]))
(array([4, 2, 4, 1, 2, 1, 1, 2, 2, 4, 2, 4, 1, 3, 4, 2, 1, 2, 2, 3, 1, 2,
       1, 2, 1, 3, 2, 3, 1, 1, 4, 3, 4, 1, 2, 2, 2, 2, 1, 2, 1, 1, 2, 2,
       3, 1, 1, 1, 2, 3, 2, 2, 3, 2, 1, 3, 1, 2, 1, 4, 2, 3, 1, 2, 2, 1,
       2, 2, 2, 4, 1, 1]), array([-1,  1,  1,  1,  1,  1,  1,  1,  1,  1,  1,  1,  1,  1, -1,  1,  1,
        1,  1,  1,  1,  1, -1,  1, -1,  1,  1, -1,  1, -1,  1,  1, -1,  1,
       -1,  1,  1,  1,  1,  1,  1, -1,  1,  1, -1,  1,  1,  1,  1,  1,  1,
        1,  1, -1,  1,  1,  1,  1,  1,  1,  1,  1,  1,  1,  1,  1,  1,  1,
        1,  1,  1, -1]))
(array([4, 2, 4, 1, 2, 1, 1, 2, 2, 4, 2, 4, 1, 3, 4, 2, 1, 2, 2, 3, 1, 2,
       1, 2, 1, 3, 2, 3, 1, 1, 4, 3, 4, 1, 2, 2, 2, 2, 1, 2, 1, 1, 2, 2,
       3, 1, 1, 1, 2, 3, 2, 2, 3, 2, 1, 3, 1, 2, 1, 4, 2, 3, 1, 2, 2, 1,
       2, 2, 2, 4, 1, 1, 3]), array([-1,  1,  1,  1,  1,  1,  1,  1,  1,  1,  1,  1,  1,  1, -1,  1,  1,
        1,  1,  1,  1,  1, -1,  1, -1,  1,  1, -1,  1, -1,  1,  1, -1,  1,
       -1,  1,  1,  1,  1,  1,  1, -1,  1,  1, -1,  1,  1,  1,  1,  1,  1,
        1,  1, -1,  1,  1,  1,  1,  1,  1,  1,  1,  1,  1,  1,  1,  1,  1,
        1,  1,  1, -1,  1]))
(array([4, 2, 4, 1, 2, 1, 1, 2, 2, 4, 2, 4, 1, 3, 4, 2, 1, 2, 2, 3, 1, 2,
       1, 2, 1, 3, 2, 3, 1, 1, 4, 3, 4, 1, 2, 2, 2, 2, 1, 2, 1, 1, 2, 2,
       3, 1, 1, 1, 2, 3, 2, 2, 3, 2, 1, 3, 1, 2, 1, 4, 2, 3, 1, 2, 2, 1,
       2, 2, 2, 4, 1, 1, 3, 4]), array([-1,  1,  1,  1,  1,  1,  1,  1,  1,  1,  1,  1,  1,  1, -1,  1,  1,
        1,  1,  1,  1,  1, -1,  1, -1,  1,  1, -1,  1, -1,  1,  1, -1,  1,
       -1,  1,  1,  1,  1,  1,  1, -1,  1,  1, -1,  1,  1,  1,  1,  1,  1,
        1,  1, -1,  1,  1,  1,  1,  1,  1,  1,  1,  1,  1,  1,  1,  1,  1,
        1,  1,  1, -1,  1,  1]))
(array([4, 2, 4, 1, 2, 1, 1, 2, 2, 4, 2, 4, 1, 3, 4, 2, 1, 2, 2, 3, 1, 2,
       1, 2, 1, 3, 2, 3, 1, 1, 4, 3, 4, 1, 2, 2, 2, 2, 1, 2, 1, 1, 2, 2,
       3, 1, 1, 1, 2, 3, 2, 2, 3, 2, 1, 3, 1, 2, 1, 4, 2, 3, 1, 2, 2, 1,
       2, 2, 2, 4, 1, 1, 3, 4, 2]), array([-1,  1,  1,  1,  1,  1,  1,  1,  1,  1,  1,  1,  1,  1, -1,  1,  1,
        1,  1,  1,  1,  1, -1,  1, -1,  1,  1, -1,  1, -1,  1,  1, -1,  1,
       -1,  1,  1,  1,  1,  1,  1, -1,  1,  1, -1,  1,  1,  1,  1,  1,  1,
        1,  1, -1,  1,  1,  1,  1,  1,  1,  1,  1,  1,  1,  1,  1,  1,  1,
        1,  1,  1, -1,  1,  1, -1]))
(array([4, 2, 4, 1, 2, 1, 1, 2, 2, 4, 2, 4, 1, 3, 4, 2, 1, 2, 2, 3, 1, 2,
       1, 2, 1, 3, 2, 3, 1, 1, 4, 3, 4, 1, 2, 2, 2, 2, 1, 2, 1, 1, 2, 2,
       3, 1, 1, 1, 2, 3, 2, 2, 3, 2, 1, 3, 1, 2, 1, 4, 2, 3, 1, 2, 2, 1,
       2, 2, 2, 4, 1, 1, 3, 4, 2, 2]), array([-1,  1,  1,  1,  1,  1,  1,  1,  1,  1,  1,  1,  1,  1, -1,  1,  1,
        1,  1,  1,  1,  1, -1,  1, -1,  1,  1, -1,  1, -1,  1,  1, -1,  1,
       -1,  1,  1,  1,  1,  1,  1, -1,  1,  1, -1,  1,  1,  1,  1,  1,  1,
        1,  1, -1,  1,  1,  1,  1,  1,  1,  1,  1,  1,  1,  1,  1,  1,  1,
        1,  1,  1, -1,  1,  1, -1, -1]))
(array([4, 2, 4, 1, 2, 1, 1, 2, 2, 4, 2, 4, 1, 3, 4, 2, 1, 2, 2, 3, 1, 2,
       1, 2, 1, 3, 2, 3, 1, 1, 4, 3, 4, 1, 2, 2, 2, 2, 1, 2, 1, 1, 2, 2,
       3, 1, 1, 1, 2, 3, 2, 2, 3, 2, 1, 3, 1, 2, 1, 4, 2, 3, 1, 2, 2, 1,
       2, 2, 2, 4, 1, 1, 3, 4, 2, 2, 1]), array([-1,  1,  1,  1,  1,  1,  1,  1,  1,  1,  1,  1,  1,  1, -1,  1,  1,
        1,  1,  1,  1,  1, -1,  1, -1,  1,  1, -1,  1, -1,  1,  1, -1,  1,
       -1,  1,  1,  1,  1,  1,  1, -1,  1,  1, -1,  1,  1,  1,  1,  1,  1,
        1,  1, -1,  1,  1,  1,  1,  1,  1,  1,  1,  1,  1,  1,  1,  1,  1,
        1,  1,  1, -1,  1,  1, -1, -1,  1]))
(array([4, 2, 4, 1, 2, 1, 1, 2, 2, 4, 2, 4, 1, 3, 4, 2, 1, 2, 2, 3, 1, 2,
       1, 2, 1, 3, 2, 3, 1, 1, 4, 3, 4, 1, 2, 2, 2, 2, 1, 2, 1, 1, 2, 2,
       3, 1, 1, 1, 2, 3, 2, 2, 3, 2, 1, 3, 1, 2, 1, 4, 2, 3, 1, 2, 2, 1,
       2, 2, 2, 4, 1, 1, 3, 4, 2, 2, 1, 1]), array([-1,  1,  1,  1,  1,  1,  1,  1,  1,  1,  1,  1,  1,  1, -1,  1,  1,
        1,  1,  1,  1,  1, -1,  1, -1,  1,  1, -1,  1, -1,  1,  1, -1,  1,
       -1,  1,  1,  1,  1,  1,  1, -1,  1,  1, -1,  1,  1,  1,  1,  1,  1,
        1,  1, -1,  1,  1,  1,  1,  1,  1,  1,  1,  1,  1,  1,  1,  1,  1,
        1,  1,  1, -1,  1,  1, -1, -1,  1,  1]))
(array([4, 2, 4, 1, 2, 1, 1, 2, 2, 4, 2, 4, 1, 3, 4, 2, 1, 2, 2, 3, 1, 2,
       1, 2, 1, 3, 2, 3, 1, 1, 4, 3, 4, 1, 2, 2, 2, 2, 1, 2, 1, 1, 2, 2,
       3, 1, 1, 1, 2, 3, 2, 2, 3, 2, 1, 3, 1, 2, 1, 4, 2, 3, 1, 2, 2, 1,
       2, 2, 2, 4, 1, 1, 3, 4, 2, 2, 1, 1, 1]), array([-1,  1,  1,  1,  1,  1,  1,  1,  1,  1,  1,  1,  1,  1, -1,  1,  1,
        1,  1,  1,  1,  1, -1,  1, -1,  1,  1, -1,  1, -1,  1,  1, -1,  1,
       -1,  1,  1,  1,  1,  1,  1, -1,  1,  1, -1,  1,  1,  1,  1,  1,  1,
        1,  1, -1,  1,  1,  1,  1,  1,  1,  1,  1,  1,  1,  1,  1,  1,  1,
        1,  1,  1, -1,  1,  1, -1, -1,  1,  1,  1]))
(array([4, 2, 4, 1, 2, 1, 1, 2, 2, 4, 2, 4, 1, 3, 4, 2, 1, 2, 2, 3, 1, 2,
       1, 2, 1, 3, 2, 3, 1, 1, 4, 3, 4, 1, 2, 2, 2, 2, 1, 2, 1, 1, 2, 2,
       3, 1, 1, 1, 2, 3, 2, 2, 3, 2, 1, 3, 1, 2, 1, 4, 2, 3, 1, 2, 2, 1,
       2, 2, 2, 4, 1, 1, 3, 4, 2, 2, 1, 1, 1, 4]), array([-1,  1,  1,  1,  1,  1,  1,  1,  1,  1,  1,  1,  1,  1, -1,  1,  1,
        1,  1,  1,  1,  1, -1,  1, -1,  1,  1, -1,  1, -1,  1,  1, -1,  1,
       -1,  1,  1,  1,  1,  1,  1, -1,  1,  1, -1,  1,  1,  1,  1,  1,  1,
        1,  1, -1,  1,  1,  1,  1,  1,  1,  1,  1,  1,  1,  1,  1,  1,  1,
        1,  1,  1, -1,  1,  1, -1, -1,  1,  1,  1, -1]))
(array([4, 2, 4, 1, 2, 1, 1, 2, 2, 4, 2, 4, 1, 3, 4, 2, 1, 2, 2, 3, 1, 2,
       1, 2, 1, 3, 2, 3, 1, 1, 4, 3, 4, 1, 2, 2, 2, 2, 1, 2, 1, 1, 2, 2,
       3, 1, 1, 1, 2, 3, 2, 2, 3, 2, 1, 3, 1, 2, 1, 4, 2, 3, 1, 2, 2, 1,
       2, 2, 2, 4, 1, 1, 3, 4, 2, 2, 1, 1, 1, 4, 3]), array([-1,  1,  1,  1,  1,  1,  1,  1,  1,  1,  1,  1,  1,  1, -1,  1,  1,
        1,  1,  1,  1,  1, -1,  1, -1,  1,  1, -1,  1, -1,  1,  1, -1,  1,
       -1,  1,  1,  1,  1,  1,  1, -1,  1,  1, -1,  1,  1,  1,  1,  1,  1,
        1,  1, -1,  1,  1,  1,  1,  1,  1,  1,  1,  1,  1,  1,  1,  1,  1,
        1,  1,  1, -1,  1,  1, -1, -1,  1,  1,  1, -1,  1]))
(array([4, 2, 4, 1, 2, 1, 1, 2, 2, 4, 2, 4, 1, 3, 4, 2, 1, 2, 2, 3, 1, 2,
       1, 2, 1, 3, 2, 3, 1, 1, 4, 3, 4, 1, 2, 2, 2, 2, 1, 2, 1, 1, 2, 2,
       3, 1, 1, 1, 2, 3, 2, 2, 3, 2, 1, 3, 1, 2, 1, 4, 2, 3, 1, 2, 2, 1,
       2, 2, 2, 4, 1, 1, 3, 4, 2, 2, 1, 1, 1, 4, 3, 1]), array([-1,  1,  1,  1,  1,  1,  1,  1,  1,  1,  1,  1,  1,  1, -1,  1,  1,
        1,  1,  1,  1,  1, -1,  1, -1,  1,  1, -1,  1, -1,  1,  1, -1,  1,
       -1,  1,  1,  1,  1,  1,  1, -1,  1,  1, -1,  1,  1,  1,  1,  1,  1,
        1,  1, -1,  1,  1,  1,  1,  1,  1,  1,  1,  1,  1,  1,  1,  1,  1,
        1,  1,  1, -1,  1,  1, -1, -1,  1,  1,  1, -1,  1,  1]))
(array([4, 2, 4, 1, 2, 1, 1, 2, 2, 4, 2, 4, 1, 3, 4, 2, 1, 2, 2, 3, 1, 2,
       1, 2, 1, 3, 2, 3, 1, 1, 4, 3, 4, 1, 2, 2, 2, 2, 1, 2, 1, 1, 2, 2,
       3, 1, 1, 1, 2, 3, 2, 2, 3, 2, 1, 3, 1, 2, 1, 4, 2, 3, 1, 2, 2, 1,
       2, 2, 2, 4, 1, 1, 3, 4, 2, 2, 1, 1, 1, 4, 3, 1, 1]), array([-1,  1,  1,  1,  1,  1,  1,  1,  1,  1,  1,  1,  1,  1, -1,  1,  1,
        1,  1,  1,  1,  1, -1,  1, -1,  1,  1, -1,  1, -1,  1,  1, -1,  1,
       -1,  1,  1,  1,  1,  1,  1, -1,  1,  1, -1,  1,  1,  1,  1,  1,  1,
        1,  1, -1,  1,  1,  1,  1,  1,  1,  1,  1,  1,  1,  1,  1,  1,  1,
        1,  1,  1, -1,  1,  1, -1, -1,  1,  1,  1, -1,  1,  1,  1]))
(array([4, 2, 4, 1, 2, 1, 1, 2, 2, 4, 2, 4, 1, 3, 4, 2, 1, 2, 2, 3, 1, 2,
       1, 2, 1, 3, 2, 3, 1, 1, 4, 3, 4, 1, 2, 2, 2, 2, 1, 2, 1, 1, 2, 2,
       3, 1, 1, 1, 2, 3, 2, 2, 3, 2, 1, 3, 1, 2, 1, 4, 2, 3, 1, 2, 2, 1,
       2, 2, 2, 4, 1, 1, 3, 4, 2, 2, 1, 1, 1, 4, 3, 1, 1, 2]), array([-1,  1,  1,  1,  1,  1,  1,  1,  1,  1,  1,  1,  1,  1, -1,  1,  1,
        1,  1,  1,  1,  1, -1,  1, -1,  1,  1, -1,  1, -1,  1,  1, -1,  1,
       -1,  1,  1,  1,  1,  1,  1, -1,  1,  1, -1,  1,  1,  1,  1,  1,  1,
        1,  1, -1,  1,  1,  1,  1,  1,  1,  1,  1,  1,  1,  1,  1,  1,  1,
        1,  1,  1, -1,  1,  1, -1, -1,  1,  1,  1, -1,  1,  1,  1, -1]))
(array([4, 2, 4, 1, 2, 1, 1, 2, 2, 4, 2, 4, 1, 3, 4, 2, 1, 2, 2, 3, 1, 2,
       1, 2, 1, 3, 2, 3, 1, 1, 4, 3, 4, 1, 2, 2, 2, 2, 1, 2, 1, 1, 2, 2,
       3, 1, 1, 1, 2, 3, 2, 2, 3, 2, 1, 3, 1, 2, 1, 4, 2, 3, 1, 2, 2, 1,
       2, 2, 2, 4, 1, 1, 3, 4, 2, 2, 1, 1, 1, 4, 3, 1, 1, 2, 1]), array([-1,  1,  1,  1,  1,  1,  1,  1,  1,  1,  1,  1,  1,  1, -1,  1,  1,
        1,  1,  1,  1,  1, -1,  1, -1,  1,  1, -1,  1, -1,  1,  1, -1,  1,
       -1,  1,  1,  1,  1,  1,  1, -1,  1,  1, -1,  1,  1,  1,  1,  1,  1,
        1,  1, -1,  1,  1,  1,  1,  1,  1,  1,  1,  1,  1,  1,  1,  1,  1,
        1,  1,  1, -1,  1,  1, -1, -1,  1,  1,  1, -1,  1,  1,  1, -1,  1]))
(array([4, 2, 4, 1, 2, 1, 1, 2, 2, 4, 2, 4, 1, 3, 4, 2, 1, 2, 2, 3, 1, 2,
       1, 2, 1, 3, 2, 3, 1, 1, 4, 3, 4, 1, 2, 2, 2, 2, 1, 2, 1, 1, 2, 2,
       3, 1, 1, 1, 2, 3, 2, 2, 3, 2, 1, 3, 1, 2, 1, 4, 2, 3, 1, 2, 2, 1,
       2, 2, 2, 4, 1, 1, 3, 4, 2, 2, 1, 1, 1, 4, 3, 1, 1, 2, 1, 2]), array([-1,  1,  1,  1,  1,  1,  1,  1,  1,  1,  1,  1,  1,  1, -1,  1,  1,
        1,  1,  1,  1,  1, -1,  1, -1,  1,  1, -1,  1, -1,  1,  1, -1,  1,
       -1,  1,  1,  1,  1,  1,  1, -1,  1,  1, -1,  1,  1,  1,  1,  1,  1,
        1,  1, -1,  1,  1,  1,  1,  1,  1,  1,  1,  1,  1,  1,  1,  1,  1,
        1,  1,  1, -1,  1,  1, -1, -1,  1,  1,  1, -1,  1,  1,  1, -1,  1,
        1]))
(array([4, 2, 4, 1, 2, 1, 1, 2, 2, 4, 2, 4, 1, 3, 4, 2, 1, 2, 2, 3, 1, 2,
       1, 2, 1, 3, 2, 3, 1, 1, 4, 3, 4, 1, 2, 2, 2, 2, 1, 2, 1, 1, 2, 2,
       3, 1, 1, 1, 2, 3, 2, 2, 3, 2, 1, 3, 1, 2, 1, 4, 2, 3, 1, 2, 2, 1,
       2, 2, 2, 4, 1, 1, 3, 4, 2, 2, 1, 1, 1, 4, 3, 1, 1, 2, 1, 2, 3]), array([-1,  1,  1,  1,  1,  1,  1,  1,  1,  1,  1,  1,  1,  1, -1,  1,  1,
        1,  1,  1,  1,  1, -1,  1, -1,  1,  1, -1,  1, -1,  1,  1, -1,  1,
       -1,  1,  1,  1,  1,  1,  1, -1,  1,  1, -1,  1,  1,  1,  1,  1,  1,
        1,  1, -1,  1,  1,  1,  1,  1,  1,  1,  1,  1,  1,  1,  1,  1,  1,
        1,  1,  1, -1,  1,  1, -1, -1,  1,  1,  1, -1,  1,  1,  1, -1,  1,
        1,  1]))
(array([4, 2, 4, 1, 2, 1, 1, 2, 2, 4, 2, 4, 1, 3, 4, 2, 1, 2, 2, 3, 1, 2,
       1, 2, 1, 3, 2, 3, 1, 1, 4, 3, 4, 1, 2, 2, 2, 2, 1, 2, 1, 1, 2, 2,
       3, 1, 1, 1, 2, 3, 2, 2, 3, 2, 1, 3, 1, 2, 1, 4, 2, 3, 1, 2, 2, 1,
       2, 2, 2, 4, 1, 1, 3, 4, 2, 2, 1, 1, 1, 4, 3, 1, 1, 2, 1, 2, 3, 2]), array([-1,  1,  1,  1,  1,  1,  1,  1,  1,  1,  1,  1,  1,  1, -1,  1,  1,
        1,  1,  1,  1,  1, -1,  1, -1,  1,  1, -1,  1, -1,  1,  1, -1,  1,
       -1,  1,  1,  1,  1,  1,  1, -1,  1,  1, -1,  1,  1,  1,  1,  1,  1,
        1,  1, -1,  1,  1,  1,  1,  1,  1,  1,  1,  1,  1,  1,  1,  1,  1,
        1,  1,  1, -1,  1,  1, -1, -1,  1,  1,  1, -1,  1,  1,  1, -1,  1,
        1,  1, -1]))
(array([4, 2, 4, 1, 2, 1, 1, 2, 2, 4, 2, 4, 1, 3, 4, 2, 1, 2, 2, 3, 1, 2,
       1, 2, 1, 3, 2, 3, 1, 1, 4, 3, 4, 1, 2, 2, 2, 2, 1, 2, 1, 1, 2, 2,
       3, 1, 1, 1, 2, 3, 2, 2, 3, 2, 1, 3, 1, 2, 1, 4, 2, 3, 1, 2, 2, 1,
       2, 2, 2, 4, 1, 1, 3, 4, 2, 2, 1, 1, 1, 4, 3, 1, 1, 2, 1, 2, 3, 2,
       2]), array([-1,  1,  1,  1,  1,  1,  1,  1,  1,  1,  1,  1,  1,  1, -1,  1,  1,
        1,  1,  1,  1,  1, -1,  1, -1,  1,  1, -1,  1, -1,  1,  1, -1,  1,
       -1,  1,  1,  1,  1,  1,  1, -1,  1,  1, -1,  1,  1,  1,  1,  1,  1,
        1,  1, -1,  1,  1,  1,  1,  1,  1,  1,  1,  1,  1,  1,  1,  1,  1,
        1,  1,  1, -1,  1,  1, -1, -1,  1,  1,  1, -1,  1,  1,  1, -1,  1,
        1,  1, -1,  1]))
(array([4, 2, 4, 1, 2, 1, 1, 2, 2, 4, 2, 4, 1, 3, 4, 2, 1, 2, 2, 3, 1, 2,
       1, 2, 1, 3, 2, 3, 1, 1, 4, 3, 4, 1, 2, 2, 2, 2, 1, 2, 1, 1, 2, 2,
       3, 1, 1, 1, 2, 3, 2, 2, 3, 2, 1, 3, 1, 2, 1, 4, 2, 3, 1, 2, 2, 1,
       2, 2, 2, 4, 1, 1, 3, 4, 2, 2, 1, 1, 1, 4, 3, 1, 1, 2, 1, 2, 3, 2,
       2, 3]), array([-1,  1,  1,  1,  1,  1,  1,  1,  1,  1,  1,  1,  1,  1, -1,  1,  1,
        1,  1,  1,  1,  1, -1,  1, -1,  1,  1, -1,  1, -1,  1,  1, -1,  1,
       -1,  1,  1,  1,  1,  1,  1, -1,  1,  1, -1,  1,  1,  1,  1,  1,  1,
        1,  1, -1,  1,  1,  1,  1,  1,  1,  1,  1,  1,  1,  1,  1,  1,  1,
        1,  1,  1, -1,  1,  1, -1, -1,  1,  1,  1, -1,  1,  1,  1, -1,  1,
        1,  1, -1,  1,  1]))
(array([4, 2, 4, 1, 2, 1, 1, 2, 2, 4, 2, 4, 1, 3, 4, 2, 1, 2, 2, 3, 1, 2,
       1, 2, 1, 3, 2, 3, 1, 1, 4, 3, 4, 1, 2, 2, 2, 2, 1, 2, 1, 1, 2, 2,
       3, 1, 1, 1, 2, 3, 2, 2, 3, 2, 1, 3, 1, 2, 1, 4, 2, 3, 1, 2, 2, 1,
       2, 2, 2, 4, 1, 1, 3, 4, 2, 2, 1, 1, 1, 4, 3, 1, 1, 2, 1, 2, 3, 2,
       2, 3, 2]), array([-1,  1,  1,  1,  1,  1,  1,  1,  1,  1,  1,  1,  1,  1, -1,  1,  1,
        1,  1,  1,  1,  1, -1,  1, -1,  1,  1, -1,  1, -1,  1,  1, -1,  1,
       -1,  1,  1,  1,  1,  1,  1, -1,  1,  1, -1,  1,  1,  1,  1,  1,  1,
        1,  1, -1,  1,  1,  1,  1,  1,  1,  1,  1,  1,  1,  1,  1,  1,  1,
        1,  1,  1, -1,  1,  1, -1, -1,  1,  1,  1, -1,  1,  1,  1, -1,  1,
        1,  1, -1,  1,  1, -1]))
(array([4, 2, 4, 1, 2, 1, 1, 2, 2, 4, 2, 4, 1, 3, 4, 2, 1, 2, 2, 3, 1, 2,
       1, 2, 1, 3, 2, 3, 1, 1, 4, 3, 4, 1, 2, 2, 2, 2, 1, 2, 1, 1, 2, 2,
       3, 1, 1, 1, 2, 3, 2, 2, 3, 2, 1, 3, 1, 2, 1, 4, 2, 3, 1, 2, 2, 1,
       2, 2, 2, 4, 1, 1, 3, 4, 2, 2, 1, 1, 1, 4, 3, 1, 1, 2, 1, 2, 3, 2,
       2, 3, 2, 1]), array([-1,  1,  1,  1,  1,  1,  1,  1,  1,  1,  1,  1,  1,  1, -1,  1,  1,
        1,  1,  1,  1,  1, -1,  1, -1,  1,  1, -1,  1, -1,  1,  1, -1,  1,
       -1,  1,  1,  1,  1,  1,  1, -1,  1,  1, -1,  1,  1,  1,  1,  1,  1,
        1,  1, -1,  1,  1,  1,  1,  1,  1,  1,  1,  1,  1,  1,  1,  1,  1,
        1,  1,  1, -1,  1,  1, -1, -1,  1,  1,  1, -1,  1,  1,  1, -1,  1,
        1,  1, -1,  1,  1, -1,  1]))
(array([4, 2, 4, 1, 2, 1, 1, 2, 2, 4, 2, 4, 1, 3, 4, 2, 1, 2, 2, 3, 1, 2,
       1, 2, 1, 3, 2, 3, 1, 1, 4, 3, 4, 1, 2, 2, 2, 2, 1, 2, 1, 1, 2, 2,
       3, 1, 1, 1, 2, 3, 2, 2, 3, 2, 1, 3, 1, 2, 1, 4, 2, 3, 1, 2, 2, 1,
       2, 2, 2, 4, 1, 1, 3, 4, 2, 2, 1, 1, 1, 4, 3, 1, 1, 2, 1, 2, 3, 2,
       2, 3, 2, 1, 1]), array([-1,  1,  1,  1,  1,  1,  1,  1,  1,  1,  1,  1,  1,  1, -1,  1,  1,
        1,  1,  1,  1,  1, -1,  1, -1,  1,  1, -1,  1, -1,  1,  1, -1,  1,
       -1,  1,  1,  1,  1,  1,  1, -1,  1,  1, -1,  1,  1,  1,  1,  1,  1,
        1,  1, -1,  1,  1,  1,  1,  1,  1,  1,  1,  1,  1,  1,  1,  1,  1,
        1,  1,  1, -1,  1,  1, -1, -1,  1,  1,  1, -1,  1,  1,  1, -1,  1,
        1,  1, -1,  1,  1, -1,  1,  1]))
(array([4, 2, 4, 1, 2, 1, 1, 2, 2, 4, 2, 4, 1, 3, 4, 2, 1, 2, 2, 3, 1, 2,
       1, 2, 1, 3, 2, 3, 1, 1, 4, 3, 4, 1, 2, 2, 2, 2, 1, 2, 1, 1, 2, 2,
       3, 1, 1, 1, 2, 3, 2, 2, 3, 2, 1, 3, 1, 2, 1, 4, 2, 3, 1, 2, 2, 1,
       2, 2, 2, 4, 1, 1, 3, 4, 2, 2, 1, 1, 1, 4, 3, 1, 1, 2, 1, 2, 3, 2,
       2, 3, 2, 1, 1, 3]), array([-1,  1,  1,  1,  1,  1,  1,  1,  1,  1,  1,  1,  1,  1, -1,  1,  1,
        1,  1,  1,  1,  1, -1,  1, -1,  1,  1, -1,  1, -1,  1,  1, -1,  1,
       -1,  1,  1,  1,  1,  1,  1, -1,  1,  1, -1,  1,  1,  1,  1,  1,  1,
        1,  1, -1,  1,  1,  1,  1,  1,  1,  1,  1,  1,  1,  1,  1,  1,  1,
        1,  1,  1, -1,  1,  1, -1, -1,  1,  1,  1, -1,  1,  1,  1, -1,  1,
        1,  1, -1,  1,  1, -1,  1,  1, -1]))
(array([4, 2, 4, 1, 2, 1, 1, 2, 2, 4, 2, 4, 1, 3, 4, 2, 1, 2, 2, 3, 1, 2,
       1, 2, 1, 3, 2, 3, 1, 1, 4, 3, 4, 1, 2, 2, 2, 2, 1, 2, 1, 1, 2, 2,
       3, 1, 1, 1, 2, 3, 2, 2, 3, 2, 1, 3, 1, 2, 1, 4, 2, 3, 1, 2, 2, 1,
       2, 2, 2, 4, 1, 1, 3, 4, 2, 2, 1, 1, 1, 4, 3, 1, 1, 2, 1, 2, 3, 2,
       2, 3, 2, 1, 1, 3, 1]), array([-1,  1,  1,  1,  1,  1,  1,  1,  1,  1,  1,  1,  1,  1, -1,  1,  1,
        1,  1,  1,  1,  1, -1,  1, -1,  1,  1, -1,  1, -1,  1,  1, -1,  1,
       -1,  1,  1,  1,  1,  1,  1, -1,  1,  1, -1,  1,  1,  1,  1,  1,  1,
        1,  1, -1,  1,  1,  1,  1,  1,  1,  1,  1,  1,  1,  1,  1,  1,  1,
        1,  1,  1, -1,  1,  1, -1, -1,  1,  1,  1, -1,  1,  1,  1, -1,  1,
        1,  1, -1,  1,  1, -1,  1,  1, -1, -1]))
(array([4, 2, 4, 1, 2, 1, 1, 2, 2, 4, 2, 4, 1, 3, 4, 2, 1, 2, 2, 3, 1, 2,
       1, 2, 1, 3, 2, 3, 1, 1, 4, 3, 4, 1, 2, 2, 2, 2, 1, 2, 1, 1, 2, 2,
       3, 1, 1, 1, 2, 3, 2, 2, 3, 2, 1, 3, 1, 2, 1, 4, 2, 3, 1, 2, 2, 1,
       2, 2, 2, 4, 1, 1, 3, 4, 2, 2, 1, 1, 1, 4, 3, 1, 1, 2, 1, 2, 3, 2,
       2, 3, 2, 1, 1, 3, 1, 1]), array([-1,  1,  1,  1,  1,  1,  1,  1,  1,  1,  1,  1,  1,  1, -1,  1,  1,
        1,  1,  1,  1,  1, -1,  1, -1,  1,  1, -1,  1, -1,  1,  1, -1,  1,
       -1,  1,  1,  1,  1,  1,  1, -1,  1,  1, -1,  1,  1,  1,  1,  1,  1,
        1,  1, -1,  1,  1,  1,  1,  1,  1,  1,  1,  1,  1,  1,  1,  1,  1,
        1,  1,  1, -1,  1,  1, -1, -1,  1,  1,  1, -1,  1,  1,  1, -1,  1,
        1,  1, -1,  1,  1, -1,  1,  1, -1, -1,  1]))
(array([4, 2, 4, 1, 2, 1, 1, 2, 2, 4, 2, 4, 1, 3, 4, 2, 1, 2, 2, 3, 1, 2,
       1, 2, 1, 3, 2, 3, 1, 1, 4, 3, 4, 1, 2, 2, 2, 2, 1, 2, 1, 1, 2, 2,
       3, 1, 1, 1, 2, 3, 2, 2, 3, 2, 1, 3, 1, 2, 1, 4, 2, 3, 1, 2, 2, 1,
       2, 2, 2, 4, 1, 1, 3, 4, 2, 2, 1, 1, 1, 4, 3, 1, 1, 2, 1, 2, 3, 2,
       2, 3, 2, 1, 1, 3, 1, 1, 2]), array([-1,  1,  1,  1,  1,  1,  1,  1,  1,  1,  1,  1,  1,  1, -1,  1,  1,
        1,  1,  1,  1,  1, -1,  1, -1,  1,  1, -1,  1, -1,  1,  1, -1,  1,
       -1,  1,  1,  1,  1,  1,  1, -1,  1,  1, -1,  1,  1,  1,  1,  1,  1,
        1,  1, -1,  1,  1,  1,  1,  1,  1,  1,  1,  1,  1,  1,  1,  1,  1,
        1,  1,  1, -1,  1,  1, -1, -1,  1,  1,  1, -1,  1,  1,  1, -1,  1,
        1,  1, -1,  1,  1, -1,  1,  1, -1, -1,  1, -1]))
(array([4, 2, 4, 1, 2, 1, 1, 2, 2, 4, 2, 4, 1, 3, 4, 2, 1, 2, 2, 3, 1, 2,
       1, 2, 1, 3, 2, 3, 1, 1, 4, 3, 4, 1, 2, 2, 2, 2, 1, 2, 1, 1, 2, 2,
       3, 1, 1, 1, 2, 3, 2, 2, 3, 2, 1, 3, 1, 2, 1, 4, 2, 3, 1, 2, 2, 1,
       2, 2, 2, 4, 1, 1, 3, 4, 2, 2, 1, 1, 1, 4, 3, 1, 1, 2, 1, 2, 3, 2,
       2, 3, 2, 1, 1, 3, 1, 1, 2, 1]), array([-1,  1,  1,  1,  1,  1,  1,  1,  1,  1,  1,  1,  1,  1, -1,  1,  1,
        1,  1,  1,  1,  1, -1,  1, -1,  1,  1, -1,  1, -1,  1,  1, -1,  1,
       -1,  1,  1,  1,  1,  1,  1, -1,  1,  1, -1,  1,  1,  1,  1,  1,  1,
        1,  1, -1,  1,  1,  1,  1,  1,  1,  1,  1,  1,  1,  1,  1,  1,  1,
        1,  1,  1, -1,  1,  1, -1, -1,  1,  1,  1, -1,  1,  1,  1, -1,  1,
        1,  1, -1,  1,  1, -1,  1,  1, -1, -1,  1, -1,  1]))
(array([4, 2, 4, 1, 2, 1, 1, 2, 2, 4, 2, 4, 1, 3, 4, 2, 1, 2, 2, 3, 1, 2,
       1, 2, 1, 3, 2, 3, 1, 1, 4, 3, 4, 1, 2, 2, 2, 2, 1, 2, 1, 1, 2, 2,
       3, 1, 1, 1, 2, 3, 2, 2, 3, 2, 1, 3, 1, 2, 1, 4, 2, 3, 1, 2, 2, 1,
       2, 2, 2, 4, 1, 1, 3, 4, 2, 2, 1, 1, 1, 4, 3, 1, 1, 2, 1, 2, 3, 2,
       2, 3, 2, 1, 1, 3, 1, 1, 2, 1, 1]), array([-1,  1,  1,  1,  1,  1,  1,  1,  1,  1,  1,  1,  1,  1, -1,  1,  1,
        1,  1,  1,  1,  1, -1,  1, -1,  1,  1, -1,  1, -1,  1,  1, -1,  1,
       -1,  1,  1,  1,  1,  1,  1, -1,  1,  1, -1,  1,  1,  1,  1,  1,  1,
        1,  1, -1,  1,  1,  1,  1,  1,  1,  1,  1,  1,  1,  1,  1,  1,  1,
        1,  1,  1, -1,  1,  1, -1, -1,  1,  1,  1, -1,  1,  1,  1, -1,  1,
        1,  1, -1,  1,  1, -1,  1,  1, -1, -1,  1, -1,  1,  1]))
(array([4, 2, 4, 1, 2, 1, 1, 2, 2, 4, 2, 4, 1, 3, 4, 2, 1, 2, 2, 3, 1, 2,
       1, 2, 1, 3, 2, 3, 1, 1, 4, 3, 4, 1, 2, 2, 2, 2, 1, 2, 1, 1, 2, 2,
       3, 1, 1, 1, 2, 3, 2, 2, 3, 2, 1, 3, 1, 2, 1, 4, 2, 3, 1, 2, 2, 1,
       2, 2, 2, 4, 1, 1, 3, 4, 2, 2, 1, 1, 1, 4, 3, 1, 1, 2, 1, 2, 3, 2,
       2, 3, 2, 1, 1, 3, 1, 1, 2, 1, 1, 2]), array([-1,  1,  1,  1,  1,  1,  1,  1,  1,  1,  1,  1,  1,  1, -1,  1,  1,
        1,  1,  1,  1,  1, -1,  1, -1,  1,  1, -1,  1, -1,  1,  1, -1,  1,
       -1,  1,  1,  1,  1,  1,  1, -1,  1,  1, -1,  1,  1,  1,  1,  1,  1,
        1,  1, -1,  1,  1,  1,  1,  1,  1,  1,  1,  1,  1,  1,  1,  1,  1,
        1,  1,  1, -1,  1,  1, -1, -1,  1,  1,  1, -1,  1,  1,  1, -1,  1,
        1,  1, -1,  1,  1, -1,  1,  1, -1, -1,  1, -1,  1,  1,  1]))
(array([4, 2, 4, 1, 2, 1, 1, 2, 2, 4, 2, 4, 1, 3, 4, 2, 1, 2, 2, 3, 1, 2,
       1, 2, 1, 3, 2, 3, 1, 1, 4, 3, 4, 1, 2, 2, 2, 2, 1, 2, 1, 1, 2, 2,
       3, 1, 1, 1, 2, 3, 2, 2, 3, 2, 1, 3, 1, 2, 1, 4, 2, 3, 1, 2, 2, 1,
       2, 2, 2, 4, 1, 1, 3, 4, 2, 2, 1, 1, 1, 4, 3, 1, 1, 2, 1, 2, 3, 2,
       2, 3, 2, 1, 1, 3, 1, 1, 2, 1, 1, 2, 2]), array([-1,  1,  1,  1,  1,  1,  1,  1,  1,  1,  1,  1,  1,  1, -1,  1,  1,
        1,  1,  1,  1,  1, -1,  1, -1,  1,  1, -1,  1, -1,  1,  1, -1,  1,
       -1,  1,  1,  1,  1,  1,  1, -1,  1,  1, -1,  1,  1,  1,  1,  1,  1,
        1,  1, -1,  1,  1,  1,  1,  1,  1,  1,  1,  1,  1,  1,  1,  1,  1,
        1,  1,  1, -1,  1,  1, -1, -1,  1,  1,  1, -1,  1,  1,  1, -1,  1,
        1,  1, -1,  1,  1, -1,  1,  1, -1, -1,  1, -1,  1,  1,  1,  1]))
FDTC of word 0: 0
FDTC of word 1: 0
FDTC of word 2: 0
FDTC of word 3: 0
FDTC of word 4: 0
FDTC of word 5: 0
FDTC of word 6: 0
FDTC of word 7: 0
FDTC of word 8: 0
FDTC of word 9: 0
FDTC of word 10: 0
FDTC of word 11: 0
FDTC of word 12: 0
FDTC of word 13: 1/2
FDTC of word 14: 1/2
FDTC of word 15: 1/2
FDTC of word 16: 1/2
FDTC of word 17: 1/2
FDTC of word 18: 1/2
FDTC of word 19: 1/2
FDTC of word 20: 1/2
FDTC of word 21: 1/2
FDTC of word 22: 1/2
FDTC of word 23: 1/2
FDTC of word 24: 1/2
FDTC of word 25: 1
FDTC of word 26: 1
FDTC of word 27: 1/2
FDTC of word 28: 1/2
FDTC of word 29: 1/2
FDTC of word 30: 1/2
FDTC of word 31: 1
FDTC of word 32: 1
FDTC of word 33: 1
FDTC of word 34: 1
FDTC of word 35: 1
FDTC of word 36: 1
FDTC of word 37: 1
FDTC of word 38: 1
FDTC of word 39: 1
FDTC of word 40: 1
FDTC of word 41: 1
FDTC of word 42: 1
FDTC of word 43: 1
FDTC of word 44: 1
FDTC of word 45: 1
FDTC of word 46: 1
FDTC of word 47: 1
FDTC of word 48: 1
FDTC of word 49: 1
FDTC of word 50: 1
FDTC of word 51: 1
FDTC of word 52: 1
FDTC of word 53: 1
FDTC of word 54: 1
FDTC of word 55: 1
FDTC of word 56: 1
FDTC of word 57: 1
FDTC of word 58: 1
FDTC of word 59: 1
FDTC of word 60: 1
FDTC of word 61: 2
FDTC of word 62: 2
FDTC of word 63: 2
FDTC of word 64: 2
FDTC of word 65: 2
FDTC of word 66: 2
FDTC of word 67: 2
FDTC of word 68: 2
FDTC of word 69: 2
FDTC of word 70: 2
FDTC of word 71: 2
FDTC of word 72: 2
FDTC of word 73: 2
FDTC of word 74: 2
FDTC of word 75: 2
FDTC of word 76: 2
FDTC of word 77: 2
FDTC of word 78: 2
FDTC of word 79: 2
FDTC of word 80: 2
FDTC of word 81: 2
FDTC of word 82: 2
FDTC of word 83: 2
FDTC of word 84: 2
FDTC of word 85: 2
FDTC of word 86: 2
FDTC of word 87: 2
FDTC of word 88: 2
FDTC of word 89: 2
FDTC of word 90: 2
FDTC of word 91: 2
FDTC of word 92: 2
FDTC of word 93: 2
FDTC of word 94: 2
FDTC of word 95: 2
FDTC of word 96: 2
FDTC of word 97: 2
FDTC of word 98: 2
FDTC of word 99: 2
FDTC of word 100: 2
====FREQUENCY TABLE======
For p=[0.4, 0.3, 0.2, 0.1], p=[0.25, 0.75] distribution, in B_5 we have:
0      84.2%
1/2    15.8%
Name: Fractional parts, dtype: object
====TRANSITION FREQUENCY TABLE======
For p=[0.4, 0.3, 0.2, 0.1], p=[0.25, 0.75] distribution, in B_5 we have:
(0, 0)        82.0%
(1/2, 1/2)    14.0%
(0, 1/2)       2.0%
(1/2, 0)       2.0%
Name: Transitions, dtype: object
