(array([2]), array([1]))
(array([2, 1]), array([1, 1]))
(array([2, 1, 2]), array([1, 1, 1]))
(array([2, 1, 2, 1]), array([1, 1, 1, 1]))
(array([2, 1, 2, 1, 3]), array([1, 1, 1, 1, 1]))
(array([2, 1, 2, 1, 3, 2]), array([ 1,  1,  1,  1,  1, -1]))
(array([2, 1, 2, 1, 3, 2, 1]), array([ 1,  1,  1,  1,  1, -1,  1]))
(array([2, 1, 2, 1, 3, 2, 1, 1]), array([ 1,  1,  1,  1,  1, -1,  1, -1]))
(array([2, 1, 2, 1, 3, 2, 1, 1, 1]), array([ 1,  1,  1,  1,  1, -1,  1, -1,  1]))
(array([2, 1, 2, 1, 3, 2, 1, 1, 1, 1]), array([ 1,  1,  1,  1,  1, -1,  1, -1,  1, -1]))
(array([2, 1, 2, 1, 3, 2, 1, 1, 1, 1, 1]), array([ 1,  1,  1,  1,  1, -1,  1, -1,  1, -1, -1]))
(array([2, 1, 2, 1, 3, 2, 1, 1, 1, 1, 1, 1]), array([ 1,  1,  1,  1,  1, -1,  1, -1,  1, -1, -1, -1]))
(array([2, 1, 2, 1, 3, 2, 1, 1, 1, 1, 1, 1, 1]), array([ 1,  1,  1,  1,  1, -1,  1, -1,  1, -1, -1, -1,  1]))
(array([2, 1, 2, 1, 3, 2, 1, 1, 1, 1, 1, 1, 1, 1]), array([ 1,  1,  1,  1,  1, -1,  1, -1,  1, -1, -1, -1,  1,  1]))
(array([2, 1, 2, 1, 3, 2, 1, 1, 1, 1, 1, 1, 1, 1, 1]), array([ 1,  1,  1,  1,  1, -1,  1, -1,  1, -1, -1, -1,  1,  1,  1]))
(array([2, 1, 2, 1, 3, 2, 1, 1, 1, 1, 1, 1, 1, 1, 1, 1]), array([ 1,  1,  1,  1,  1, -1,  1, -1,  1, -1, -1, -1,  1,  1,  1,  1]))
(array([2, 1, 2, 1, 3, 2, 1, 1, 1, 1, 1, 1, 1, 1, 1, 1, 1]), array([ 1,  1,  1,  1,  1, -1,  1, -1,  1, -1, -1, -1,  1,  1,  1,  1, -1]))
(array([2, 1, 2, 1, 3, 2, 1, 1, 1, 1, 1, 1, 1, 1, 1, 1, 1, 2]), array([ 1,  1,  1,  1,  1, -1,  1, -1,  1, -1, -1, -1,  1,  1,  1,  1, -1,
        1]))
(array([2, 1, 2, 1, 3, 2, 1, 1, 1, 1, 1, 1, 1, 1, 1, 1, 1, 2, 1]), array([ 1,  1,  1,  1,  1, -1,  1, -1,  1, -1, -1, -1,  1,  1,  1,  1, -1,
        1, -1]))
(array([2, 1, 2, 1, 3, 2, 1, 1, 1, 1, 1, 1, 1, 1, 1, 1, 1, 2, 1, 1]), array([ 1,  1,  1,  1,  1, -1,  1, -1,  1, -1, -1, -1,  1,  1,  1,  1, -1,
        1, -1,  1]))
(array([2, 1, 2, 1, 3, 2, 1, 1, 1, 1, 1, 1, 1, 1, 1, 1, 1, 2, 1, 1, 1]), array([ 1,  1,  1,  1,  1, -1,  1, -1,  1, -1, -1, -1,  1,  1,  1,  1, -1,
        1, -1,  1,  1]))
(array([2, 1, 2, 1, 3, 2, 1, 1, 1, 1, 1, 1, 1, 1, 1, 1, 1, 2, 1, 1, 1, 1]), array([ 1,  1,  1,  1,  1, -1,  1, -1,  1, -1, -1, -1,  1,  1,  1,  1, -1,
        1, -1,  1,  1,  1]))
(array([2, 1, 2, 1, 3, 2, 1, 1, 1, 1, 1, 1, 1, 1, 1, 1, 1, 2, 1, 1, 1, 1,
       1]), array([ 1,  1,  1,  1,  1, -1,  1, -1,  1, -1, -1, -1,  1,  1,  1,  1, -1,
        1, -1,  1,  1,  1, -1]))
(array([2, 1, 2, 1, 3, 2, 1, 1, 1, 1, 1, 1, 1, 1, 1, 1, 1, 2, 1, 1, 1, 1,
       1, 3]), array([ 1,  1,  1,  1,  1, -1,  1, -1,  1, -1, -1, -1,  1,  1,  1,  1, -1,
        1, -1,  1,  1,  1, -1,  1]))
(array([2, 1, 2, 1, 3, 2, 1, 1, 1, 1, 1, 1, 1, 1, 1, 1, 1, 2, 1, 1, 1, 1,
       1, 3, 1]), array([ 1,  1,  1,  1,  1, -1,  1, -1,  1, -1, -1, -1,  1,  1,  1,  1, -1,
        1, -1,  1,  1,  1, -1,  1,  1]))
(array([2, 1, 2, 1, 3, 2, 1, 1, 1, 1, 1, 1, 1, 1, 1, 1, 1, 2, 1, 1, 1, 1,
       1, 3, 1, 1]), array([ 1,  1,  1,  1,  1, -1,  1, -1,  1, -1, -1, -1,  1,  1,  1,  1, -1,
        1, -1,  1,  1,  1, -1,  1,  1,  1]))
(array([2, 1, 2, 1, 3, 2, 1, 1, 1, 1, 1, 1, 1, 1, 1, 1, 1, 2, 1, 1, 1, 1,
       1, 3, 1, 1, 1]), array([ 1,  1,  1,  1,  1, -1,  1, -1,  1, -1, -1, -1,  1,  1,  1,  1, -1,
        1, -1,  1,  1,  1, -1,  1,  1,  1,  1]))
(array([2, 1, 2, 1, 3, 2, 1, 1, 1, 1, 1, 1, 1, 1, 1, 1, 1, 2, 1, 1, 1, 1,
       1, 3, 1, 1, 1, 1]), array([ 1,  1,  1,  1,  1, -1,  1, -1,  1, -1, -1, -1,  1,  1,  1,  1, -1,
        1, -1,  1,  1,  1, -1,  1,  1,  1,  1, -1]))
(array([2, 1, 2, 1, 3, 2, 1, 1, 1, 1, 1, 1, 1, 1, 1, 1, 1, 2, 1, 1, 1, 1,
       1, 3, 1, 1, 1, 1, 2]), array([ 1,  1,  1,  1,  1, -1,  1, -1,  1, -1, -1, -1,  1,  1,  1,  1, -1,
        1, -1,  1,  1,  1, -1,  1,  1,  1,  1, -1, -1]))
(array([2, 1, 2, 1, 3, 2, 1, 1, 1, 1, 1, 1, 1, 1, 1, 1, 1, 2, 1, 1, 1, 1,
       1, 3, 1, 1, 1, 1, 2, 1]), array([ 1,  1,  1,  1,  1, -1,  1, -1,  1, -1, -1, -1,  1,  1,  1,  1, -1,
        1, -1,  1,  1,  1, -1,  1,  1,  1,  1, -1, -1, -1]))
(array([2, 1, 2, 1, 3, 2, 1, 1, 1, 1, 1, 1, 1, 1, 1, 1, 1, 2, 1, 1, 1, 1,
       1, 3, 1, 1, 1, 1, 2, 1, 1]), array([ 1,  1,  1,  1,  1, -1,  1, -1,  1, -1, -1, -1,  1,  1,  1,  1, -1,
        1, -1,  1,  1,  1, -1,  1,  1,  1,  1, -1, -1, -1,  1]))
(array([2, 1, 2, 1, 3, 2, 1, 1, 1, 1, 1, 1, 1, 1, 1, 1, 1, 2, 1, 1, 1, 1,
       1, 3, 1, 1, 1, 1, 2, 1, 1, 2]), array([ 1,  1,  1,  1,  1, -1,  1, -1,  1, -1, -1, -1,  1,  1,  1,  1, -1,
        1, -1,  1,  1,  1, -1,  1,  1,  1,  1, -1, -1, -1,  1,  1]))
(array([2, 1, 2, 1, 3, 2, 1, 1, 1, 1, 1, 1, 1, 1, 1, 1, 1, 2, 1, 1, 1, 1,
       1, 3, 1, 1, 1, 1, 2, 1, 1, 2, 1]), array([ 1,  1,  1,  1,  1, -1,  1, -1,  1, -1, -1, -1,  1,  1,  1,  1, -1,
        1, -1,  1,  1,  1, -1,  1,  1,  1,  1, -1, -1, -1,  1,  1, -1]))
(array([2, 1, 2, 1, 3, 2, 1, 1, 1, 1, 1, 1, 1, 1, 1, 1, 1, 2, 1, 1, 1, 1,
       1, 3, 1, 1, 1, 1, 2, 1, 1, 2, 1, 2]), array([ 1,  1,  1,  1,  1, -1,  1, -1,  1, -1, -1, -1,  1,  1,  1,  1, -1,
        1, -1,  1,  1,  1, -1,  1,  1,  1,  1, -1, -1, -1,  1,  1, -1,  1]))
(array([2, 1, 2, 1, 3, 2, 1, 1, 1, 1, 1, 1, 1, 1, 1, 1, 1, 2, 1, 1, 1, 1,
       1, 3, 1, 1, 1, 1, 2, 1, 1, 2, 1, 2, 1]), array([ 1,  1,  1,  1,  1, -1,  1, -1,  1, -1, -1, -1,  1,  1,  1,  1, -1,
        1, -1,  1,  1,  1, -1,  1,  1,  1,  1, -1, -1, -1,  1,  1, -1,  1,
        1]))
(array([2, 1, 2, 1, 3, 2, 1, 1, 1, 1, 1, 1, 1, 1, 1, 1, 1, 2, 1, 1, 1, 1,
       1, 3, 1, 1, 1, 1, 2, 1, 1, 2, 1, 2, 1, 2]), array([ 1,  1,  1,  1,  1, -1,  1, -1,  1, -1, -1, -1,  1,  1,  1,  1, -1,
        1, -1,  1,  1,  1, -1,  1,  1,  1,  1, -1, -1, -1,  1,  1, -1,  1,
        1, -1]))
(array([2, 1, 2, 1, 3, 2, 1, 1, 1, 1, 1, 1, 1, 1, 1, 1, 1, 2, 1, 1, 1, 1,
       1, 3, 1, 1, 1, 1, 2, 1, 1, 2, 1, 2, 1, 2, 1]), array([ 1,  1,  1,  1,  1, -1,  1, -1,  1, -1, -1, -1,  1,  1,  1,  1, -1,
        1, -1,  1,  1,  1, -1,  1,  1,  1,  1, -1, -1, -1,  1,  1, -1,  1,
        1, -1,  1]))
(array([2, 1, 2, 1, 3, 2, 1, 1, 1, 1, 1, 1, 1, 1, 1, 1, 1, 2, 1, 1, 1, 1,
       1, 3, 1, 1, 1, 1, 2, 1, 1, 2, 1, 2, 1, 2, 1, 1]), array([ 1,  1,  1,  1,  1, -1,  1, -1,  1, -1, -1, -1,  1,  1,  1,  1, -1,
        1, -1,  1,  1,  1, -1,  1,  1,  1,  1, -1, -1, -1,  1,  1, -1,  1,
        1, -1,  1,  1]))
(array([2, 1, 2, 1, 3, 2, 1, 1, 1, 1, 1, 1, 1, 1, 1, 1, 1, 2, 1, 1, 1, 1,
       1, 3, 1, 1, 1, 1, 2, 1, 1, 2, 1, 2, 1, 2, 1, 1, 2]), array([ 1,  1,  1,  1,  1, -1,  1, -1,  1, -1, -1, -1,  1,  1,  1,  1, -1,
        1, -1,  1,  1,  1, -1,  1,  1,  1,  1, -1, -1, -1,  1,  1, -1,  1,
        1, -1,  1,  1,  1]))
(array([2, 1, 2, 1, 3, 2, 1, 1, 1, 1, 1, 1, 1, 1, 1, 1, 1, 2, 1, 1, 1, 1,
       1, 3, 1, 1, 1, 1, 2, 1, 1, 2, 1, 2, 1, 2, 1, 1, 2, 1]), array([ 1,  1,  1,  1,  1, -1,  1, -1,  1, -1, -1, -1,  1,  1,  1,  1, -1,
        1, -1,  1,  1,  1, -1,  1,  1,  1,  1, -1, -1, -1,  1,  1, -1,  1,
        1, -1,  1,  1,  1,  1]))
(array([2, 1, 2, 1, 3, 2, 1, 1, 1, 1, 1, 1, 1, 1, 1, 1, 1, 2, 1, 1, 1, 1,
       1, 3, 1, 1, 1, 1, 2, 1, 1, 2, 1, 2, 1, 2, 1, 1, 2, 1, 1]), array([ 1,  1,  1,  1,  1, -1,  1, -1,  1, -1, -1, -1,  1,  1,  1,  1, -1,
        1, -1,  1,  1,  1, -1,  1,  1,  1,  1, -1, -1, -1,  1,  1, -1,  1,
        1, -1,  1,  1,  1,  1,  1]))
(array([2, 1, 2, 1, 3, 2, 1, 1, 1, 1, 1, 1, 1, 1, 1, 1, 1, 2, 1, 1, 1, 1,
       1, 3, 1, 1, 1, 1, 2, 1, 1, 2, 1, 2, 1, 2, 1, 1, 2, 1, 1, 2]), array([ 1,  1,  1,  1,  1, -1,  1, -1,  1, -1, -1, -1,  1,  1,  1,  1, -1,
        1, -1,  1,  1,  1, -1,  1,  1,  1,  1, -1, -1, -1,  1,  1, -1,  1,
        1, -1,  1,  1,  1,  1,  1, -1]))
(array([2, 1, 2, 1, 3, 2, 1, 1, 1, 1, 1, 1, 1, 1, 1, 1, 1, 2, 1, 1, 1, 1,
       1, 3, 1, 1, 1, 1, 2, 1, 1, 2, 1, 2, 1, 2, 1, 1, 2, 1, 1, 2, 1]), array([ 1,  1,  1,  1,  1, -1,  1, -1,  1, -1, -1, -1,  1,  1,  1,  1, -1,
        1, -1,  1,  1,  1, -1,  1,  1,  1,  1, -1, -1, -1,  1,  1, -1,  1,
        1, -1,  1,  1,  1,  1,  1, -1, -1]))
(array([2, 1, 2, 1, 3, 2, 1, 1, 1, 1, 1, 1, 1, 1, 1, 1, 1, 2, 1, 1, 1, 1,
       1, 3, 1, 1, 1, 1, 2, 1, 1, 2, 1, 2, 1, 2, 1, 1, 2, 1, 1, 2, 1, 2]), array([ 1,  1,  1,  1,  1, -1,  1, -1,  1, -1, -1, -1,  1,  1,  1,  1, -1,
        1, -1,  1,  1,  1, -1,  1,  1,  1,  1, -1, -1, -1,  1,  1, -1,  1,
        1, -1,  1,  1,  1,  1,  1, -1, -1,  1]))
(array([2, 1, 2, 1, 3, 2, 1, 1, 1, 1, 1, 1, 1, 1, 1, 1, 1, 2, 1, 1, 1, 1,
       1, 3, 1, 1, 1, 1, 2, 1, 1, 2, 1, 2, 1, 2, 1, 1, 2, 1, 1, 2, 1, 2,
       2]), array([ 1,  1,  1,  1,  1, -1,  1, -1,  1, -1, -1, -1,  1,  1,  1,  1, -1,
        1, -1,  1,  1,  1, -1,  1,  1,  1,  1, -1, -1, -1,  1,  1, -1,  1,
        1, -1,  1,  1,  1,  1,  1, -1, -1,  1, -1]))
(array([2, 1, 2, 1, 3, 2, 1, 1, 1, 1, 1, 1, 1, 1, 1, 1, 1, 2, 1, 1, 1, 1,
       1, 3, 1, 1, 1, 1, 2, 1, 1, 2, 1, 2, 1, 2, 1, 1, 2, 1, 1, 2, 1, 2,
       2, 2]), array([ 1,  1,  1,  1,  1, -1,  1, -1,  1, -1, -1, -1,  1,  1,  1,  1, -1,
        1, -1,  1,  1,  1, -1,  1,  1,  1,  1, -1, -1, -1,  1,  1, -1,  1,
        1, -1,  1,  1,  1,  1,  1, -1, -1,  1, -1, -1]))
(array([2, 1, 2, 1, 3, 2, 1, 1, 1, 1, 1, 1, 1, 1, 1, 1, 1, 2, 1, 1, 1, 1,
       1, 3, 1, 1, 1, 1, 2, 1, 1, 2, 1, 2, 1, 2, 1, 1, 2, 1, 1, 2, 1, 2,
       2, 2, 1]), array([ 1,  1,  1,  1,  1, -1,  1, -1,  1, -1, -1, -1,  1,  1,  1,  1, -1,
        1, -1,  1,  1,  1, -1,  1,  1,  1,  1, -1, -1, -1,  1,  1, -1,  1,
        1, -1,  1,  1,  1,  1,  1, -1, -1,  1, -1, -1,  1]))
(array([2, 1, 2, 1, 3, 2, 1, 1, 1, 1, 1, 1, 1, 1, 1, 1, 1, 2, 1, 1, 1, 1,
       1, 3, 1, 1, 1, 1, 2, 1, 1, 2, 1, 2, 1, 2, 1, 1, 2, 1, 1, 2, 1, 2,
       2, 2, 1, 1]), array([ 1,  1,  1,  1,  1, -1,  1, -1,  1, -1, -1, -1,  1,  1,  1,  1, -1,
        1, -1,  1,  1,  1, -1,  1,  1,  1,  1, -1, -1, -1,  1,  1, -1,  1,
        1, -1,  1,  1,  1,  1,  1, -1, -1,  1, -1, -1,  1, -1]))
(array([2, 1, 2, 1, 3, 2, 1, 1, 1, 1, 1, 1, 1, 1, 1, 1, 1, 2, 1, 1, 1, 1,
       1, 3, 1, 1, 1, 1, 2, 1, 1, 2, 1, 2, 1, 2, 1, 1, 2, 1, 1, 2, 1, 2,
       2, 2, 1, 1, 1]), array([ 1,  1,  1,  1,  1, -1,  1, -1,  1, -1, -1, -1,  1,  1,  1,  1, -1,
        1, -1,  1,  1,  1, -1,  1,  1,  1,  1, -1, -1, -1,  1,  1, -1,  1,
        1, -1,  1,  1,  1,  1,  1, -1, -1,  1, -1, -1,  1, -1, -1]))
(array([2, 1, 2, 1, 3, 2, 1, 1, 1, 1, 1, 1, 1, 1, 1, 1, 1, 2, 1, 1, 1, 1,
       1, 3, 1, 1, 1, 1, 2, 1, 1, 2, 1, 2, 1, 2, 1, 1, 2, 1, 1, 2, 1, 2,
       2, 2, 1, 1, 1, 3]), array([ 1,  1,  1,  1,  1, -1,  1, -1,  1, -1, -1, -1,  1,  1,  1,  1, -1,
        1, -1,  1,  1,  1, -1,  1,  1,  1,  1, -1, -1, -1,  1,  1, -1,  1,
        1, -1,  1,  1,  1,  1,  1, -1, -1,  1, -1, -1,  1, -1, -1,  1]))
(array([2, 1, 2, 1, 3, 2, 1, 1, 1, 1, 1, 1, 1, 1, 1, 1, 1, 2, 1, 1, 1, 1,
       1, 3, 1, 1, 1, 1, 2, 1, 1, 2, 1, 2, 1, 2, 1, 1, 2, 1, 1, 2, 1, 2,
       2, 2, 1, 1, 1, 3, 3]), array([ 1,  1,  1,  1,  1, -1,  1, -1,  1, -1, -1, -1,  1,  1,  1,  1, -1,
        1, -1,  1,  1,  1, -1,  1,  1,  1,  1, -1, -1, -1,  1,  1, -1,  1,
        1, -1,  1,  1,  1,  1,  1, -1, -1,  1, -1, -1,  1, -1, -1,  1,  1]))
(array([2, 1, 2, 1, 3, 2, 1, 1, 1, 1, 1, 1, 1, 1, 1, 1, 1, 2, 1, 1, 1, 1,
       1, 3, 1, 1, 1, 1, 2, 1, 1, 2, 1, 2, 1, 2, 1, 1, 2, 1, 1, 2, 1, 2,
       2, 2, 1, 1, 1, 3, 3, 1]), array([ 1,  1,  1,  1,  1, -1,  1, -1,  1, -1, -1, -1,  1,  1,  1,  1, -1,
        1, -1,  1,  1,  1, -1,  1,  1,  1,  1, -1, -1, -1,  1,  1, -1,  1,
        1, -1,  1,  1,  1,  1,  1, -1, -1,  1, -1, -1,  1, -1, -1,  1,  1,
        1]))
(array([2, 1, 2, 1, 3, 2, 1, 1, 1, 1, 1, 1, 1, 1, 1, 1, 1, 2, 1, 1, 1, 1,
       1, 3, 1, 1, 1, 1, 2, 1, 1, 2, 1, 2, 1, 2, 1, 1, 2, 1, 1, 2, 1, 2,
       2, 2, 1, 1, 1, 3, 3, 1, 2]), array([ 1,  1,  1,  1,  1, -1,  1, -1,  1, -1, -1, -1,  1,  1,  1,  1, -1,
        1, -1,  1,  1,  1, -1,  1,  1,  1,  1, -1, -1, -1,  1,  1, -1,  1,
        1, -1,  1,  1,  1,  1,  1, -1, -1,  1, -1, -1,  1, -1, -1,  1,  1,
        1,  1]))
(array([2, 1, 2, 1, 3, 2, 1, 1, 1, 1, 1, 1, 1, 1, 1, 1, 1, 2, 1, 1, 1, 1,
       1, 3, 1, 1, 1, 1, 2, 1, 1, 2, 1, 2, 1, 2, 1, 1, 2, 1, 1, 2, 1, 2,
       2, 2, 1, 1, 1, 3, 3, 1, 2, 3]), array([ 1,  1,  1,  1,  1, -1,  1, -1,  1, -1, -1, -1,  1,  1,  1,  1, -1,
        1, -1,  1,  1,  1, -1,  1,  1,  1,  1, -1, -1, -1,  1,  1, -1,  1,
        1, -1,  1,  1,  1,  1,  1, -1, -1,  1, -1, -1,  1, -1, -1,  1,  1,
        1,  1,  1]))
(array([2, 1, 2, 1, 3, 2, 1, 1, 1, 1, 1, 1, 1, 1, 1, 1, 1, 2, 1, 1, 1, 1,
       1, 3, 1, 1, 1, 1, 2, 1, 1, 2, 1, 2, 1, 2, 1, 1, 2, 1, 1, 2, 1, 2,
       2, 2, 1, 1, 1, 3, 3, 1, 2, 3, 2]), array([ 1,  1,  1,  1,  1, -1,  1, -1,  1, -1, -1, -1,  1,  1,  1,  1, -1,
        1, -1,  1,  1,  1, -1,  1,  1,  1,  1, -1, -1, -1,  1,  1, -1,  1,
        1, -1,  1,  1,  1,  1,  1, -1, -1,  1, -1, -1,  1, -1, -1,  1,  1,
        1,  1,  1,  1]))
(array([2, 1, 2, 1, 3, 2, 1, 1, 1, 1, 1, 1, 1, 1, 1, 1, 1, 2, 1, 1, 1, 1,
       1, 3, 1, 1, 1, 1, 2, 1, 1, 2, 1, 2, 1, 2, 1, 1, 2, 1, 1, 2, 1, 2,
       2, 2, 1, 1, 1, 3, 3, 1, 2, 3, 2, 2]), array([ 1,  1,  1,  1,  1, -1,  1, -1,  1, -1, -1, -1,  1,  1,  1,  1, -1,
        1, -1,  1,  1,  1, -1,  1,  1,  1,  1, -1, -1, -1,  1,  1, -1,  1,
        1, -1,  1,  1,  1,  1,  1, -1, -1,  1, -1, -1,  1, -1, -1,  1,  1,
        1,  1,  1,  1,  1]))
(array([2, 1, 2, 1, 3, 2, 1, 1, 1, 1, 1, 1, 1, 1, 1, 1, 1, 2, 1, 1, 1, 1,
       1, 3, 1, 1, 1, 1, 2, 1, 1, 2, 1, 2, 1, 2, 1, 1, 2, 1, 1, 2, 1, 2,
       2, 2, 1, 1, 1, 3, 3, 1, 2, 3, 2, 2, 1]), array([ 1,  1,  1,  1,  1, -1,  1, -1,  1, -1, -1, -1,  1,  1,  1,  1, -1,
        1, -1,  1,  1,  1, -1,  1,  1,  1,  1, -1, -1, -1,  1,  1, -1,  1,
        1, -1,  1,  1,  1,  1,  1, -1, -1,  1, -1, -1,  1, -1, -1,  1,  1,
        1,  1,  1,  1,  1, -1]))
(array([2, 1, 2, 1, 3, 2, 1, 1, 1, 1, 1, 1, 1, 1, 1, 1, 1, 2, 1, 1, 1, 1,
       1, 3, 1, 1, 1, 1, 2, 1, 1, 2, 1, 2, 1, 2, 1, 1, 2, 1, 1, 2, 1, 2,
       2, 2, 1, 1, 1, 3, 3, 1, 2, 3, 2, 2, 1, 2]), array([ 1,  1,  1,  1,  1, -1,  1, -1,  1, -1, -1, -1,  1,  1,  1,  1, -1,
        1, -1,  1,  1,  1, -1,  1,  1,  1,  1, -1, -1, -1,  1,  1, -1,  1,
        1, -1,  1,  1,  1,  1,  1, -1, -1,  1, -1, -1,  1, -1, -1,  1,  1,
        1,  1,  1,  1,  1, -1, -1]))
(array([2, 1, 2, 1, 3, 2, 1, 1, 1, 1, 1, 1, 1, 1, 1, 1, 1, 2, 1, 1, 1, 1,
       1, 3, 1, 1, 1, 1, 2, 1, 1, 2, 1, 2, 1, 2, 1, 1, 2, 1, 1, 2, 1, 2,
       2, 2, 1, 1, 1, 3, 3, 1, 2, 3, 2, 2, 1, 2, 1]), array([ 1,  1,  1,  1,  1, -1,  1, -1,  1, -1, -1, -1,  1,  1,  1,  1, -1,
        1, -1,  1,  1,  1, -1,  1,  1,  1,  1, -1, -1, -1,  1,  1, -1,  1,
        1, -1,  1,  1,  1,  1,  1, -1, -1,  1, -1, -1,  1, -1, -1,  1,  1,
        1,  1,  1,  1,  1, -1, -1, -1]))
(array([2, 1, 2, 1, 3, 2, 1, 1, 1, 1, 1, 1, 1, 1, 1, 1, 1, 2, 1, 1, 1, 1,
       1, 3, 1, 1, 1, 1, 2, 1, 1, 2, 1, 2, 1, 2, 1, 1, 2, 1, 1, 2, 1, 2,
       2, 2, 1, 1, 1, 3, 3, 1, 2, 3, 2, 2, 1, 2, 1, 1]), array([ 1,  1,  1,  1,  1, -1,  1, -1,  1, -1, -1, -1,  1,  1,  1,  1, -1,
        1, -1,  1,  1,  1, -1,  1,  1,  1,  1, -1, -1, -1,  1,  1, -1,  1,
        1, -1,  1,  1,  1,  1,  1, -1, -1,  1, -1, -1,  1, -1, -1,  1,  1,
        1,  1,  1,  1,  1, -1, -1, -1,  1]))
(array([2, 1, 2, 1, 3, 2, 1, 1, 1, 1, 1, 1, 1, 1, 1, 1, 1, 2, 1, 1, 1, 1,
       1, 3, 1, 1, 1, 1, 2, 1, 1, 2, 1, 2, 1, 2, 1, 1, 2, 1, 1, 2, 1, 2,
       2, 2, 1, 1, 1, 3, 3, 1, 2, 3, 2, 2, 1, 2, 1, 1, 2]), array([ 1,  1,  1,  1,  1, -1,  1, -1,  1, -1, -1, -1,  1,  1,  1,  1, -1,
        1, -1,  1,  1,  1, -1,  1,  1,  1,  1, -1, -1, -1,  1,  1, -1,  1,
        1, -1,  1,  1,  1,  1,  1, -1, -1,  1, -1, -1,  1, -1, -1,  1,  1,
        1,  1,  1,  1,  1, -1, -1, -1,  1, -1]))
(array([2, 1, 2, 1, 3, 2, 1, 1, 1, 1, 1, 1, 1, 1, 1, 1, 1, 2, 1, 1, 1, 1,
       1, 3, 1, 1, 1, 1, 2, 1, 1, 2, 1, 2, 1, 2, 1, 1, 2, 1, 1, 2, 1, 2,
       2, 2, 1, 1, 1, 3, 3, 1, 2, 3, 2, 2, 1, 2, 1, 1, 2, 1]), array([ 1,  1,  1,  1,  1, -1,  1, -1,  1, -1, -1, -1,  1,  1,  1,  1, -1,
        1, -1,  1,  1,  1, -1,  1,  1,  1,  1, -1, -1, -1,  1,  1, -1,  1,
        1, -1,  1,  1,  1,  1,  1, -1, -1,  1, -1, -1,  1, -1, -1,  1,  1,
        1,  1,  1,  1,  1, -1, -1, -1,  1, -1,  1]))
(array([2, 1, 2, 1, 3, 2, 1, 1, 1, 1, 1, 1, 1, 1, 1, 1, 1, 2, 1, 1, 1, 1,
       1, 3, 1, 1, 1, 1, 2, 1, 1, 2, 1, 2, 1, 2, 1, 1, 2, 1, 1, 2, 1, 2,
       2, 2, 1, 1, 1, 3, 3, 1, 2, 3, 2, 2, 1, 2, 1, 1, 2, 1, 1]), array([ 1,  1,  1,  1,  1, -1,  1, -1,  1, -1, -1, -1,  1,  1,  1,  1, -1,
        1, -1,  1,  1,  1, -1,  1,  1,  1,  1, -1, -1, -1,  1,  1, -1,  1,
        1, -1,  1,  1,  1,  1,  1, -1, -1,  1, -1, -1,  1, -1, -1,  1,  1,
        1,  1,  1,  1,  1, -1, -1, -1,  1, -1,  1, -1]))
(array([2, 1, 2, 1, 3, 2, 1, 1, 1, 1, 1, 1, 1, 1, 1, 1, 1, 2, 1, 1, 1, 1,
       1, 3, 1, 1, 1, 1, 2, 1, 1, 2, 1, 2, 1, 2, 1, 1, 2, 1, 1, 2, 1, 2,
       2, 2, 1, 1, 1, 3, 3, 1, 2, 3, 2, 2, 1, 2, 1, 1, 2, 1, 1, 2]), array([ 1,  1,  1,  1,  1, -1,  1, -1,  1, -1, -1, -1,  1,  1,  1,  1, -1,
        1, -1,  1,  1,  1, -1,  1,  1,  1,  1, -1, -1, -1,  1,  1, -1,  1,
        1, -1,  1,  1,  1,  1,  1, -1, -1,  1, -1, -1,  1, -1, -1,  1,  1,
        1,  1,  1,  1,  1, -1, -1, -1,  1, -1,  1, -1, -1]))
(array([2, 1, 2, 1, 3, 2, 1, 1, 1, 1, 1, 1, 1, 1, 1, 1, 1, 2, 1, 1, 1, 1,
       1, 3, 1, 1, 1, 1, 2, 1, 1, 2, 1, 2, 1, 2, 1, 1, 2, 1, 1, 2, 1, 2,
       2, 2, 1, 1, 1, 3, 3, 1, 2, 3, 2, 2, 1, 2, 1, 1, 2, 1, 1, 2, 1]), array([ 1,  1,  1,  1,  1, -1,  1, -1,  1, -1, -1, -1,  1,  1,  1,  1, -1,
        1, -1,  1,  1,  1, -1,  1,  1,  1,  1, -1, -1, -1,  1,  1, -1,  1,
        1, -1,  1,  1,  1,  1,  1, -1, -1,  1, -1, -1,  1, -1, -1,  1,  1,
        1,  1,  1,  1,  1, -1, -1, -1,  1, -1,  1, -1, -1, -1]))
(array([2, 1, 2, 1, 3, 2, 1, 1, 1, 1, 1, 1, 1, 1, 1, 1, 1, 2, 1, 1, 1, 1,
       1, 3, 1, 1, 1, 1, 2, 1, 1, 2, 1, 2, 1, 2, 1, 1, 2, 1, 1, 2, 1, 2,
       2, 2, 1, 1, 1, 3, 3, 1, 2, 3, 2, 2, 1, 2, 1, 1, 2, 1, 1, 2, 1, 1]), array([ 1,  1,  1,  1,  1, -1,  1, -1,  1, -1, -1, -1,  1,  1,  1,  1, -1,
        1, -1,  1,  1,  1, -1,  1,  1,  1,  1, -1, -1, -1,  1,  1, -1,  1,
        1, -1,  1,  1,  1,  1,  1, -1, -1,  1, -1, -1,  1, -1, -1,  1,  1,
        1,  1,  1,  1,  1, -1, -1, -1,  1, -1,  1, -1, -1, -1, -1]))
(array([2, 1, 2, 1, 3, 2, 1, 1, 1, 1, 1, 1, 1, 1, 1, 1, 1, 2, 1, 1, 1, 1,
       1, 3, 1, 1, 1, 1, 2, 1, 1, 2, 1, 2, 1, 2, 1, 1, 2, 1, 1, 2, 1, 2,
       2, 2, 1, 1, 1, 3, 3, 1, 2, 3, 2, 2, 1, 2, 1, 1, 2, 1, 1, 2, 1, 1,
       2]), array([ 1,  1,  1,  1,  1, -1,  1, -1,  1, -1, -1, -1,  1,  1,  1,  1, -1,
        1, -1,  1,  1,  1, -1,  1,  1,  1,  1, -1, -1, -1,  1,  1, -1,  1,
        1, -1,  1,  1,  1,  1,  1, -1, -1,  1, -1, -1,  1, -1, -1,  1,  1,
        1,  1,  1,  1,  1, -1, -1, -1,  1, -1,  1, -1, -1, -1, -1, -1]))
(array([2, 1, 2, 1, 3, 2, 1, 1, 1, 1, 1, 1, 1, 1, 1, 1, 1, 2, 1, 1, 1, 1,
       1, 3, 1, 1, 1, 1, 2, 1, 1, 2, 1, 2, 1, 2, 1, 1, 2, 1, 1, 2, 1, 2,
       2, 2, 1, 1, 1, 3, 3, 1, 2, 3, 2, 2, 1, 2, 1, 1, 2, 1, 1, 2, 1, 1,
       2, 1]), array([ 1,  1,  1,  1,  1, -1,  1, -1,  1, -1, -1, -1,  1,  1,  1,  1, -1,
        1, -1,  1,  1,  1, -1,  1,  1,  1,  1, -1, -1, -1,  1,  1, -1,  1,
        1, -1,  1,  1,  1,  1,  1, -1, -1,  1, -1, -1,  1, -1, -1,  1,  1,
        1,  1,  1,  1,  1, -1, -1, -1,  1, -1,  1, -1, -1, -1, -1, -1,  1]))
(array([2, 1, 2, 1, 3, 2, 1, 1, 1, 1, 1, 1, 1, 1, 1, 1, 1, 2, 1, 1, 1, 1,
       1, 3, 1, 1, 1, 1, 2, 1, 1, 2, 1, 2, 1, 2, 1, 1, 2, 1, 1, 2, 1, 2,
       2, 2, 1, 1, 1, 3, 3, 1, 2, 3, 2, 2, 1, 2, 1, 1, 2, 1, 1, 2, 1, 1,
       2, 1, 2]), array([ 1,  1,  1,  1,  1, -1,  1, -1,  1, -1, -1, -1,  1,  1,  1,  1, -1,
        1, -1,  1,  1,  1, -1,  1,  1,  1,  1, -1, -1, -1,  1,  1, -1,  1,
        1, -1,  1,  1,  1,  1,  1, -1, -1,  1, -1, -1,  1, -1, -1,  1,  1,
        1,  1,  1,  1,  1, -1, -1, -1,  1, -1,  1, -1, -1, -1, -1, -1,  1,
       -1]))
(array([2, 1, 2, 1, 3, 2, 1, 1, 1, 1, 1, 1, 1, 1, 1, 1, 1, 2, 1, 1, 1, 1,
       1, 3, 1, 1, 1, 1, 2, 1, 1, 2, 1, 2, 1, 2, 1, 1, 2, 1, 1, 2, 1, 2,
       2, 2, 1, 1, 1, 3, 3, 1, 2, 3, 2, 2, 1, 2, 1, 1, 2, 1, 1, 2, 1, 1,
       2, 1, 2, 1]), array([ 1,  1,  1,  1,  1, -1,  1, -1,  1, -1, -1, -1,  1,  1,  1,  1, -1,
        1, -1,  1,  1,  1, -1,  1,  1,  1,  1, -1, -1, -1,  1,  1, -1,  1,
        1, -1,  1,  1,  1,  1,  1, -1, -1,  1, -1, -1,  1, -1, -1,  1,  1,
        1,  1,  1,  1,  1, -1, -1, -1,  1, -1,  1, -1, -1, -1, -1, -1,  1,
       -1,  1]))
(array([2, 1, 2, 1, 3, 2, 1, 1, 1, 1, 1, 1, 1, 1, 1, 1, 1, 2, 1, 1, 1, 1,
       1, 3, 1, 1, 1, 1, 2, 1, 1, 2, 1, 2, 1, 2, 1, 1, 2, 1, 1, 2, 1, 2,
       2, 2, 1, 1, 1, 3, 3, 1, 2, 3, 2, 2, 1, 2, 1, 1, 2, 1, 1, 2, 1, 1,
       2, 1, 2, 1, 1]), array([ 1,  1,  1,  1,  1, -1,  1, -1,  1, -1, -1, -1,  1,  1,  1,  1, -1,
        1, -1,  1,  1,  1, -1,  1,  1,  1,  1, -1, -1, -1,  1,  1, -1,  1,
        1, -1,  1,  1,  1,  1,  1, -1, -1,  1, -1, -1,  1, -1, -1,  1,  1,
        1,  1,  1,  1,  1, -1, -1, -1,  1, -1,  1, -1, -1, -1, -1, -1,  1,
       -1,  1, -1]))
(array([2, 1, 2, 1, 3, 2, 1, 1, 1, 1, 1, 1, 1, 1, 1, 1, 1, 2, 1, 1, 1, 1,
       1, 3, 1, 1, 1, 1, 2, 1, 1, 2, 1, 2, 1, 2, 1, 1, 2, 1, 1, 2, 1, 2,
       2, 2, 1, 1, 1, 3, 3, 1, 2, 3, 2, 2, 1, 2, 1, 1, 2, 1, 1, 2, 1, 1,
       2, 1, 2, 1, 1, 1]), array([ 1,  1,  1,  1,  1, -1,  1, -1,  1, -1, -1, -1,  1,  1,  1,  1, -1,
        1, -1,  1,  1,  1, -1,  1,  1,  1,  1, -1, -1, -1,  1,  1, -1,  1,
        1, -1,  1,  1,  1,  1,  1, -1, -1,  1, -1, -1,  1, -1, -1,  1,  1,
        1,  1,  1,  1,  1, -1, -1, -1,  1, -1,  1, -1, -1, -1, -1, -1,  1,
       -1,  1, -1,  1]))
(array([2, 1, 2, 1, 3, 2, 1, 1, 1, 1, 1, 1, 1, 1, 1, 1, 1, 2, 1, 1, 1, 1,
       1, 3, 1, 1, 1, 1, 2, 1, 1, 2, 1, 2, 1, 2, 1, 1, 2, 1, 1, 2, 1, 2,
       2, 2, 1, 1, 1, 3, 3, 1, 2, 3, 2, 2, 1, 2, 1, 1, 2, 1, 1, 2, 1, 1,
       2, 1, 2, 1, 1, 1, 2]), array([ 1,  1,  1,  1,  1, -1,  1, -1,  1, -1, -1, -1,  1,  1,  1,  1, -1,
        1, -1,  1,  1,  1, -1,  1,  1,  1,  1, -1, -1, -1,  1,  1, -1,  1,
        1, -1,  1,  1,  1,  1,  1, -1, -1,  1, -1, -1,  1, -1, -1,  1,  1,
        1,  1,  1,  1,  1, -1, -1, -1,  1, -1,  1, -1, -1, -1, -1, -1,  1,
       -1,  1, -1,  1,  1]))
(array([2, 1, 2, 1, 3, 2, 1, 1, 1, 1, 1, 1, 1, 1, 1, 1, 1, 2, 1, 1, 1, 1,
       1, 3, 1, 1, 1, 1, 2, 1, 1, 2, 1, 2, 1, 2, 1, 1, 2, 1, 1, 2, 1, 2,
       2, 2, 1, 1, 1, 3, 3, 1, 2, 3, 2, 2, 1, 2, 1, 1, 2, 1, 1, 2, 1, 1,
       2, 1, 2, 1, 1, 1, 2, 1]), array([ 1,  1,  1,  1,  1, -1,  1, -1,  1, -1, -1, -1,  1,  1,  1,  1, -1,
        1, -1,  1,  1,  1, -1,  1,  1,  1,  1, -1, -1, -1,  1,  1, -1,  1,
        1, -1,  1,  1,  1,  1,  1, -1, -1,  1, -1, -1,  1, -1, -1,  1,  1,
        1,  1,  1,  1,  1, -1, -1, -1,  1, -1,  1, -1, -1, -1, -1, -1,  1,
       -1,  1, -1,  1,  1,  1]))
(array([2, 1, 2, 1, 3, 2, 1, 1, 1, 1, 1, 1, 1, 1, 1, 1, 1, 2, 1, 1, 1, 1,
       1, 3, 1, 1, 1, 1, 2, 1, 1, 2, 1, 2, 1, 2, 1, 1, 2, 1, 1, 2, 1, 2,
       2, 2, 1, 1, 1, 3, 3, 1, 2, 3, 2, 2, 1, 2, 1, 1, 2, 1, 1, 2, 1, 1,
       2, 1, 2, 1, 1, 1, 2, 1, 1]), array([ 1,  1,  1,  1,  1, -1,  1, -1,  1, -1, -1, -1,  1,  1,  1,  1, -1,
        1, -1,  1,  1,  1, -1,  1,  1,  1,  1, -1, -1, -1,  1,  1, -1,  1,
        1, -1,  1,  1,  1,  1,  1, -1, -1,  1, -1, -1,  1, -1, -1,  1,  1,
        1,  1,  1,  1,  1, -1, -1, -1,  1, -1,  1, -1, -1, -1, -1, -1,  1,
       -1,  1, -1,  1,  1,  1, -1]))
(array([2, 1, 2, 1, 3, 2, 1, 1, 1, 1, 1, 1, 1, 1, 1, 1, 1, 2, 1, 1, 1, 1,
       1, 3, 1, 1, 1, 1, 2, 1, 1, 2, 1, 2, 1, 2, 1, 1, 2, 1, 1, 2, 1, 2,
       2, 2, 1, 1, 1, 3, 3, 1, 2, 3, 2, 2, 1, 2, 1, 1, 2, 1, 1, 2, 1, 1,
       2, 1, 2, 1, 1, 1, 2, 1, 1, 1]), array([ 1,  1,  1,  1,  1, -1,  1, -1,  1, -1, -1, -1,  1,  1,  1,  1, -1,
        1, -1,  1,  1,  1, -1,  1,  1,  1,  1, -1, -1, -1,  1,  1, -1,  1,
        1, -1,  1,  1,  1,  1,  1, -1, -1,  1, -1, -1,  1, -1, -1,  1,  1,
        1,  1,  1,  1,  1, -1, -1, -1,  1, -1,  1, -1, -1, -1, -1, -1,  1,
       -1,  1, -1,  1,  1,  1, -1, -1]))
(array([2, 1, 2, 1, 3, 2, 1, 1, 1, 1, 1, 1, 1, 1, 1, 1, 1, 2, 1, 1, 1, 1,
       1, 3, 1, 1, 1, 1, 2, 1, 1, 2, 1, 2, 1, 2, 1, 1, 2, 1, 1, 2, 1, 2,
       2, 2, 1, 1, 1, 3, 3, 1, 2, 3, 2, 2, 1, 2, 1, 1, 2, 1, 1, 2, 1, 1,
       2, 1, 2, 1, 1, 1, 2, 1, 1, 1, 3]), array([ 1,  1,  1,  1,  1, -1,  1, -1,  1, -1, -1, -1,  1,  1,  1,  1, -1,
        1, -1,  1,  1,  1, -1,  1,  1,  1,  1, -1, -1, -1,  1,  1, -1,  1,
        1, -1,  1,  1,  1,  1,  1, -1, -1,  1, -1, -1,  1, -1, -1,  1,  1,
        1,  1,  1,  1,  1, -1, -1, -1,  1, -1,  1, -1, -1, -1, -1, -1,  1,
       -1,  1, -1,  1,  1,  1, -1, -1, -1]))
(array([2, 1, 2, 1, 3, 2, 1, 1, 1, 1, 1, 1, 1, 1, 1, 1, 1, 2, 1, 1, 1, 1,
       1, 3, 1, 1, 1, 1, 2, 1, 1, 2, 1, 2, 1, 2, 1, 1, 2, 1, 1, 2, 1, 2,
       2, 2, 1, 1, 1, 3, 3, 1, 2, 3, 2, 2, 1, 2, 1, 1, 2, 1, 1, 2, 1, 1,
       2, 1, 2, 1, 1, 1, 2, 1, 1, 1, 3, 1]), array([ 1,  1,  1,  1,  1, -1,  1, -1,  1, -1, -1, -1,  1,  1,  1,  1, -1,
        1, -1,  1,  1,  1, -1,  1,  1,  1,  1, -1, -1, -1,  1,  1, -1,  1,
        1, -1,  1,  1,  1,  1,  1, -1, -1,  1, -1, -1,  1, -1, -1,  1,  1,
        1,  1,  1,  1,  1, -1, -1, -1,  1, -1,  1, -1, -1, -1, -1, -1,  1,
       -1,  1, -1,  1,  1,  1, -1, -1, -1,  1]))
(array([2, 1, 2, 1, 3, 2, 1, 1, 1, 1, 1, 1, 1, 1, 1, 1, 1, 2, 1, 1, 1, 1,
       1, 3, 1, 1, 1, 1, 2, 1, 1, 2, 1, 2, 1, 2, 1, 1, 2, 1, 1, 2, 1, 2,
       2, 2, 1, 1, 1, 3, 3, 1, 2, 3, 2, 2, 1, 2, 1, 1, 2, 1, 1, 2, 1, 1,
       2, 1, 2, 1, 1, 1, 2, 1, 1, 1, 3, 1, 1]), array([ 1,  1,  1,  1,  1, -1,  1, -1,  1, -1, -1, -1,  1,  1,  1,  1, -1,
        1, -1,  1,  1,  1, -1,  1,  1,  1,  1, -1, -1, -1,  1,  1, -1,  1,
        1, -1,  1,  1,  1,  1,  1, -1, -1,  1, -1, -1,  1, -1, -1,  1,  1,
        1,  1,  1,  1,  1, -1, -1, -1,  1, -1,  1, -1, -1, -1, -1, -1,  1,
       -1,  1, -1,  1,  1,  1, -1, -1, -1,  1, -1]))
(array([2, 1, 2, 1, 3, 2, 1, 1, 1, 1, 1, 1, 1, 1, 1, 1, 1, 2, 1, 1, 1, 1,
       1, 3, 1, 1, 1, 1, 2, 1, 1, 2, 1, 2, 1, 2, 1, 1, 2, 1, 1, 2, 1, 2,
       2, 2, 1, 1, 1, 3, 3, 1, 2, 3, 2, 2, 1, 2, 1, 1, 2, 1, 1, 2, 1, 1,
       2, 1, 2, 1, 1, 1, 2, 1, 1, 1, 3, 1, 1, 1]), array([ 1,  1,  1,  1,  1, -1,  1, -1,  1, -1, -1, -1,  1,  1,  1,  1, -1,
        1, -1,  1,  1,  1, -1,  1,  1,  1,  1, -1, -1, -1,  1,  1, -1,  1,
        1, -1,  1,  1,  1,  1,  1, -1, -1,  1, -1, -1,  1, -1, -1,  1,  1,
        1,  1,  1,  1,  1, -1, -1, -1,  1, -1,  1, -1, -1, -1, -1, -1,  1,
       -1,  1, -1,  1,  1,  1, -1, -1, -1,  1, -1,  1]))
(array([2, 1, 2, 1, 3, 2, 1, 1, 1, 1, 1, 1, 1, 1, 1, 1, 1, 2, 1, 1, 1, 1,
       1, 3, 1, 1, 1, 1, 2, 1, 1, 2, 1, 2, 1, 2, 1, 1, 2, 1, 1, 2, 1, 2,
       2, 2, 1, 1, 1, 3, 3, 1, 2, 3, 2, 2, 1, 2, 1, 1, 2, 1, 1, 2, 1, 1,
       2, 1, 2, 1, 1, 1, 2, 1, 1, 1, 3, 1, 1, 1, 1]), array([ 1,  1,  1,  1,  1, -1,  1, -1,  1, -1, -1, -1,  1,  1,  1,  1, -1,
        1, -1,  1,  1,  1, -1,  1,  1,  1,  1, -1, -1, -1,  1,  1, -1,  1,
        1, -1,  1,  1,  1,  1,  1, -1, -1,  1, -1, -1,  1, -1, -1,  1,  1,
        1,  1,  1,  1,  1, -1, -1, -1,  1, -1,  1, -1, -1, -1, -1, -1,  1,
       -1,  1, -1,  1,  1,  1, -1, -1, -1,  1, -1,  1,  1]))
(array([2, 1, 2, 1, 3, 2, 1, 1, 1, 1, 1, 1, 1, 1, 1, 1, 1, 2, 1, 1, 1, 1,
       1, 3, 1, 1, 1, 1, 2, 1, 1, 2, 1, 2, 1, 2, 1, 1, 2, 1, 1, 2, 1, 2,
       2, 2, 1, 1, 1, 3, 3, 1, 2, 3, 2, 2, 1, 2, 1, 1, 2, 1, 1, 2, 1, 1,
       2, 1, 2, 1, 1, 1, 2, 1, 1, 1, 3, 1, 1, 1, 1, 1]), array([ 1,  1,  1,  1,  1, -1,  1, -1,  1, -1, -1, -1,  1,  1,  1,  1, -1,
        1, -1,  1,  1,  1, -1,  1,  1,  1,  1, -1, -1, -1,  1,  1, -1,  1,
        1, -1,  1,  1,  1,  1,  1, -1, -1,  1, -1, -1,  1, -1, -1,  1,  1,
        1,  1,  1,  1,  1, -1, -1, -1,  1, -1,  1, -1, -1, -1, -1, -1,  1,
       -1,  1, -1,  1,  1,  1, -1, -1, -1,  1, -1,  1,  1,  1]))
(array([2, 1, 2, 1, 3, 2, 1, 1, 1, 1, 1, 1, 1, 1, 1, 1, 1, 2, 1, 1, 1, 1,
       1, 3, 1, 1, 1, 1, 2, 1, 1, 2, 1, 2, 1, 2, 1, 1, 2, 1, 1, 2, 1, 2,
       2, 2, 1, 1, 1, 3, 3, 1, 2, 3, 2, 2, 1, 2, 1, 1, 2, 1, 1, 2, 1, 1,
       2, 1, 2, 1, 1, 1, 2, 1, 1, 1, 3, 1, 1, 1, 1, 1, 1]), array([ 1,  1,  1,  1,  1, -1,  1, -1,  1, -1, -1, -1,  1,  1,  1,  1, -1,
        1, -1,  1,  1,  1, -1,  1,  1,  1,  1, -1, -1, -1,  1,  1, -1,  1,
        1, -1,  1,  1,  1,  1,  1, -1, -1,  1, -1, -1,  1, -1, -1,  1,  1,
        1,  1,  1,  1,  1, -1, -1, -1,  1, -1,  1, -1, -1, -1, -1, -1,  1,
       -1,  1, -1,  1,  1,  1, -1, -1, -1,  1, -1,  1,  1,  1, -1]))
(array([2, 1, 2, 1, 3, 2, 1, 1, 1, 1, 1, 1, 1, 1, 1, 1, 1, 2, 1, 1, 1, 1,
       1, 3, 1, 1, 1, 1, 2, 1, 1, 2, 1, 2, 1, 2, 1, 1, 2, 1, 1, 2, 1, 2,
       2, 2, 1, 1, 1, 3, 3, 1, 2, 3, 2, 2, 1, 2, 1, 1, 2, 1, 1, 2, 1, 1,
       2, 1, 2, 1, 1, 1, 2, 1, 1, 1, 3, 1, 1, 1, 1, 1, 1, 2]), array([ 1,  1,  1,  1,  1, -1,  1, -1,  1, -1, -1, -1,  1,  1,  1,  1, -1,
        1, -1,  1,  1,  1, -1,  1,  1,  1,  1, -1, -1, -1,  1,  1, -1,  1,
        1, -1,  1,  1,  1,  1,  1, -1, -1,  1, -1, -1,  1, -1, -1,  1,  1,
        1,  1,  1,  1,  1, -1, -1, -1,  1, -1,  1, -1, -1, -1, -1, -1,  1,
       -1,  1, -1,  1,  1,  1, -1, -1, -1,  1, -1,  1,  1,  1, -1, -1]))
(array([2, 1, 2, 1, 3, 2, 1, 1, 1, 1, 1, 1, 1, 1, 1, 1, 1, 2, 1, 1, 1, 1,
       1, 3, 1, 1, 1, 1, 2, 1, 1, 2, 1, 2, 1, 2, 1, 1, 2, 1, 1, 2, 1, 2,
       2, 2, 1, 1, 1, 3, 3, 1, 2, 3, 2, 2, 1, 2, 1, 1, 2, 1, 1, 2, 1, 1,
       2, 1, 2, 1, 1, 1, 2, 1, 1, 1, 3, 1, 1, 1, 1, 1, 1, 2, 1]), array([ 1,  1,  1,  1,  1, -1,  1, -1,  1, -1, -1, -1,  1,  1,  1,  1, -1,
        1, -1,  1,  1,  1, -1,  1,  1,  1,  1, -1, -1, -1,  1,  1, -1,  1,
        1, -1,  1,  1,  1,  1,  1, -1, -1,  1, -1, -1,  1, -1, -1,  1,  1,
        1,  1,  1,  1,  1, -1, -1, -1,  1, -1,  1, -1, -1, -1, -1, -1,  1,
       -1,  1, -1,  1,  1,  1, -1, -1, -1,  1, -1,  1,  1,  1, -1, -1, -1]))
(array([2, 1, 2, 1, 3, 2, 1, 1, 1, 1, 1, 1, 1, 1, 1, 1, 1, 2, 1, 1, 1, 1,
       1, 3, 1, 1, 1, 1, 2, 1, 1, 2, 1, 2, 1, 2, 1, 1, 2, 1, 1, 2, 1, 2,
       2, 2, 1, 1, 1, 3, 3, 1, 2, 3, 2, 2, 1, 2, 1, 1, 2, 1, 1, 2, 1, 1,
       2, 1, 2, 1, 1, 1, 2, 1, 1, 1, 3, 1, 1, 1, 1, 1, 1, 2, 1, 2]), array([ 1,  1,  1,  1,  1, -1,  1, -1,  1, -1, -1, -1,  1,  1,  1,  1, -1,
        1, -1,  1,  1,  1, -1,  1,  1,  1,  1, -1, -1, -1,  1,  1, -1,  1,
        1, -1,  1,  1,  1,  1,  1, -1, -1,  1, -1, -1,  1, -1, -1,  1,  1,
        1,  1,  1,  1,  1, -1, -1, -1,  1, -1,  1, -1, -1, -1, -1, -1,  1,
       -1,  1, -1,  1,  1,  1, -1, -1, -1,  1, -1,  1,  1,  1, -1, -1, -1,
       -1]))
(array([2, 1, 2, 1, 3, 2, 1, 1, 1, 1, 1, 1, 1, 1, 1, 1, 1, 2, 1, 1, 1, 1,
       1, 3, 1, 1, 1, 1, 2, 1, 1, 2, 1, 2, 1, 2, 1, 1, 2, 1, 1, 2, 1, 2,
       2, 2, 1, 1, 1, 3, 3, 1, 2, 3, 2, 2, 1, 2, 1, 1, 2, 1, 1, 2, 1, 1,
       2, 1, 2, 1, 1, 1, 2, 1, 1, 1, 3, 1, 1, 1, 1, 1, 1, 2, 1, 2, 1]), array([ 1,  1,  1,  1,  1, -1,  1, -1,  1, -1, -1, -1,  1,  1,  1,  1, -1,
        1, -1,  1,  1,  1, -1,  1,  1,  1,  1, -1, -1, -1,  1,  1, -1,  1,
        1, -1,  1,  1,  1,  1,  1, -1, -1,  1, -1, -1,  1, -1, -1,  1,  1,
        1,  1,  1,  1,  1, -1, -1, -1,  1, -1,  1, -1, -1, -1, -1, -1,  1,
       -1,  1, -1,  1,  1,  1, -1, -1, -1,  1, -1,  1,  1,  1, -1, -1, -1,
       -1, -1]))
(array([2, 1, 2, 1, 3, 2, 1, 1, 1, 1, 1, 1, 1, 1, 1, 1, 1, 2, 1, 1, 1, 1,
       1, 3, 1, 1, 1, 1, 2, 1, 1, 2, 1, 2, 1, 2, 1, 1, 2, 1, 1, 2, 1, 2,
       2, 2, 1, 1, 1, 3, 3, 1, 2, 3, 2, 2, 1, 2, 1, 1, 2, 1, 1, 2, 1, 1,
       2, 1, 2, 1, 1, 1, 2, 1, 1, 1, 3, 1, 1, 1, 1, 1, 1, 2, 1, 2, 1, 3]), array([ 1,  1,  1,  1,  1, -1,  1, -1,  1, -1, -1, -1,  1,  1,  1,  1, -1,
        1, -1,  1,  1,  1, -1,  1,  1,  1,  1, -1, -1, -1,  1,  1, -1,  1,
        1, -1,  1,  1,  1,  1,  1, -1, -1,  1, -1, -1,  1, -1, -1,  1,  1,
        1,  1,  1,  1,  1, -1, -1, -1,  1, -1,  1, -1, -1, -1, -1, -1,  1,
       -1,  1, -1,  1,  1,  1, -1, -1, -1,  1, -1,  1,  1,  1, -1, -1, -1,
       -1, -1, -1]))
(array([2, 1, 2, 1, 3, 2, 1, 1, 1, 1, 1, 1, 1, 1, 1, 1, 1, 2, 1, 1, 1, 1,
       1, 3, 1, 1, 1, 1, 2, 1, 1, 2, 1, 2, 1, 2, 1, 1, 2, 1, 1, 2, 1, 2,
       2, 2, 1, 1, 1, 3, 3, 1, 2, 3, 2, 2, 1, 2, 1, 1, 2, 1, 1, 2, 1, 1,
       2, 1, 2, 1, 1, 1, 2, 1, 1, 1, 3, 1, 1, 1, 1, 1, 1, 2, 1, 2, 1, 3,
       1]), array([ 1,  1,  1,  1,  1, -1,  1, -1,  1, -1, -1, -1,  1,  1,  1,  1, -1,
        1, -1,  1,  1,  1, -1,  1,  1,  1,  1, -1, -1, -1,  1,  1, -1,  1,
        1, -1,  1,  1,  1,  1,  1, -1, -1,  1, -1, -1,  1, -1, -1,  1,  1,
        1,  1,  1,  1,  1, -1, -1, -1,  1, -1,  1, -1, -1, -1, -1, -1,  1,
       -1,  1, -1,  1,  1,  1, -1, -1, -1,  1, -1,  1,  1,  1, -1, -1, -1,
       -1, -1, -1, -1]))
(array([2, 1, 2, 1, 3, 2, 1, 1, 1, 1, 1, 1, 1, 1, 1, 1, 1, 2, 1, 1, 1, 1,
       1, 3, 1, 1, 1, 1, 2, 1, 1, 2, 1, 2, 1, 2, 1, 1, 2, 1, 1, 2, 1, 2,
       2, 2, 1, 1, 1, 3, 3, 1, 2, 3, 2, 2, 1, 2, 1, 1, 2, 1, 1, 2, 1, 1,
       2, 1, 2, 1, 1, 1, 2, 1, 1, 1, 3, 1, 1, 1, 1, 1, 1, 2, 1, 2, 1, 3,
       1, 2]), array([ 1,  1,  1,  1,  1, -1,  1, -1,  1, -1, -1, -1,  1,  1,  1,  1, -1,
        1, -1,  1,  1,  1, -1,  1,  1,  1,  1, -1, -1, -1,  1,  1, -1,  1,
        1, -1,  1,  1,  1,  1,  1, -1, -1,  1, -1, -1,  1, -1, -1,  1,  1,
        1,  1,  1,  1,  1, -1, -1, -1,  1, -1,  1, -1, -1, -1, -1, -1,  1,
       -1,  1, -1,  1,  1,  1, -1, -1, -1,  1, -1,  1,  1,  1, -1, -1, -1,
       -1, -1, -1, -1, -1]))
(array([2, 1, 2, 1, 3, 2, 1, 1, 1, 1, 1, 1, 1, 1, 1, 1, 1, 2, 1, 1, 1, 1,
       1, 3, 1, 1, 1, 1, 2, 1, 1, 2, 1, 2, 1, 2, 1, 1, 2, 1, 1, 2, 1, 2,
       2, 2, 1, 1, 1, 3, 3, 1, 2, 3, 2, 2, 1, 2, 1, 1, 2, 1, 1, 2, 1, 1,
       2, 1, 2, 1, 1, 1, 2, 1, 1, 1, 3, 1, 1, 1, 1, 1, 1, 2, 1, 2, 1, 3,
       1, 2, 2]), array([ 1,  1,  1,  1,  1, -1,  1, -1,  1, -1, -1, -1,  1,  1,  1,  1, -1,
        1, -1,  1,  1,  1, -1,  1,  1,  1,  1, -1, -1, -1,  1,  1, -1,  1,
        1, -1,  1,  1,  1,  1,  1, -1, -1,  1, -1, -1,  1, -1, -1,  1,  1,
        1,  1,  1,  1,  1, -1, -1, -1,  1, -1,  1, -1, -1, -1, -1, -1,  1,
       -1,  1, -1,  1,  1,  1, -1, -1, -1,  1, -1,  1,  1,  1, -1, -1, -1,
       -1, -1, -1, -1, -1, -1]))
(array([2, 1, 2, 1, 3, 2, 1, 1, 1, 1, 1, 1, 1, 1, 1, 1, 1, 2, 1, 1, 1, 1,
       1, 3, 1, 1, 1, 1, 2, 1, 1, 2, 1, 2, 1, 2, 1, 1, 2, 1, 1, 2, 1, 2,
       2, 2, 1, 1, 1, 3, 3, 1, 2, 3, 2, 2, 1, 2, 1, 1, 2, 1, 1, 2, 1, 1,
       2, 1, 2, 1, 1, 1, 2, 1, 1, 1, 3, 1, 1, 1, 1, 1, 1, 2, 1, 2, 1, 3,
       1, 2, 2, 1]), array([ 1,  1,  1,  1,  1, -1,  1, -1,  1, -1, -1, -1,  1,  1,  1,  1, -1,
        1, -1,  1,  1,  1, -1,  1,  1,  1,  1, -1, -1, -1,  1,  1, -1,  1,
        1, -1,  1,  1,  1,  1,  1, -1, -1,  1, -1, -1,  1, -1, -1,  1,  1,
        1,  1,  1,  1,  1, -1, -1, -1,  1, -1,  1, -1, -1, -1, -1, -1,  1,
       -1,  1, -1,  1,  1,  1, -1, -1, -1,  1, -1,  1,  1,  1, -1, -1, -1,
       -1, -1, -1, -1, -1, -1, -1]))
(array([2, 1, 2, 1, 3, 2, 1, 1, 1, 1, 1, 1, 1, 1, 1, 1, 1, 2, 1, 1, 1, 1,
       1, 3, 1, 1, 1, 1, 2, 1, 1, 2, 1, 2, 1, 2, 1, 1, 2, 1, 1, 2, 1, 2,
       2, 2, 1, 1, 1, 3, 3, 1, 2, 3, 2, 2, 1, 2, 1, 1, 2, 1, 1, 2, 1, 1,
       2, 1, 2, 1, 1, 1, 2, 1, 1, 1, 3, 1, 1, 1, 1, 1, 1, 2, 1, 2, 1, 3,
       1, 2, 2, 1, 1]), array([ 1,  1,  1,  1,  1, -1,  1, -1,  1, -1, -1, -1,  1,  1,  1,  1, -1,
        1, -1,  1,  1,  1, -1,  1,  1,  1,  1, -1, -1, -1,  1,  1, -1,  1,
        1, -1,  1,  1,  1,  1,  1, -1, -1,  1, -1, -1,  1, -1, -1,  1,  1,
        1,  1,  1,  1,  1, -1, -1, -1,  1, -1,  1, -1, -1, -1, -1, -1,  1,
       -1,  1, -1,  1,  1,  1, -1, -1, -1,  1, -1,  1,  1,  1, -1, -1, -1,
       -1, -1, -1, -1, -1, -1, -1, -1]))
(array([2, 1, 2, 1, 3, 2, 1, 1, 1, 1, 1, 1, 1, 1, 1, 1, 1, 2, 1, 1, 1, 1,
       1, 3, 1, 1, 1, 1, 2, 1, 1, 2, 1, 2, 1, 2, 1, 1, 2, 1, 1, 2, 1, 2,
       2, 2, 1, 1, 1, 3, 3, 1, 2, 3, 2, 2, 1, 2, 1, 1, 2, 1, 1, 2, 1, 1,
       2, 1, 2, 1, 1, 1, 2, 1, 1, 1, 3, 1, 1, 1, 1, 1, 1, 2, 1, 2, 1, 3,
       1, 2, 2, 1, 1, 1]), array([ 1,  1,  1,  1,  1, -1,  1, -1,  1, -1, -1, -1,  1,  1,  1,  1, -1,
        1, -1,  1,  1,  1, -1,  1,  1,  1,  1, -1, -1, -1,  1,  1, -1,  1,
        1, -1,  1,  1,  1,  1,  1, -1, -1,  1, -1, -1,  1, -1, -1,  1,  1,
        1,  1,  1,  1,  1, -1, -1, -1,  1, -1,  1, -1, -1, -1, -1, -1,  1,
       -1,  1, -1,  1,  1,  1, -1, -1, -1,  1, -1,  1,  1,  1, -1, -1, -1,
       -1, -1, -1, -1, -1, -1, -1, -1,  1]))
(array([2, 1, 2, 1, 3, 2, 1, 1, 1, 1, 1, 1, 1, 1, 1, 1, 1, 2, 1, 1, 1, 1,
       1, 3, 1, 1, 1, 1, 2, 1, 1, 2, 1, 2, 1, 2, 1, 1, 2, 1, 1, 2, 1, 2,
       2, 2, 1, 1, 1, 3, 3, 1, 2, 3, 2, 2, 1, 2, 1, 1, 2, 1, 1, 2, 1, 1,
       2, 1, 2, 1, 1, 1, 2, 1, 1, 1, 3, 1, 1, 1, 1, 1, 1, 2, 1, 2, 1, 3,
       1, 2, 2, 1, 1, 1, 1]), array([ 1,  1,  1,  1,  1, -1,  1, -1,  1, -1, -1, -1,  1,  1,  1,  1, -1,
        1, -1,  1,  1,  1, -1,  1,  1,  1,  1, -1, -1, -1,  1,  1, -1,  1,
        1, -1,  1,  1,  1,  1,  1, -1, -1,  1, -1, -1,  1, -1, -1,  1,  1,
        1,  1,  1,  1,  1, -1, -1, -1,  1, -1,  1, -1, -1, -1, -1, -1,  1,
       -1,  1, -1,  1,  1,  1, -1, -1, -1,  1, -1,  1,  1,  1, -1, -1, -1,
       -1, -1, -1, -1, -1, -1, -1, -1,  1,  1]))
(array([2, 1, 2, 1, 3, 2, 1, 1, 1, 1, 1, 1, 1, 1, 1, 1, 1, 2, 1, 1, 1, 1,
       1, 3, 1, 1, 1, 1, 2, 1, 1, 2, 1, 2, 1, 2, 1, 1, 2, 1, 1, 2, 1, 2,
       2, 2, 1, 1, 1, 3, 3, 1, 2, 3, 2, 2, 1, 2, 1, 1, 2, 1, 1, 2, 1, 1,
       2, 1, 2, 1, 1, 1, 2, 1, 1, 1, 3, 1, 1, 1, 1, 1, 1, 2, 1, 2, 1, 3,
       1, 2, 2, 1, 1, 1, 1, 1]), array([ 1,  1,  1,  1,  1, -1,  1, -1,  1, -1, -1, -1,  1,  1,  1,  1, -1,
        1, -1,  1,  1,  1, -1,  1,  1,  1,  1, -1, -1, -1,  1,  1, -1,  1,
        1, -1,  1,  1,  1,  1,  1, -1, -1,  1, -1, -1,  1, -1, -1,  1,  1,
        1,  1,  1,  1,  1, -1, -1, -1,  1, -1,  1, -1, -1, -1, -1, -1,  1,
       -1,  1, -1,  1,  1,  1, -1, -1, -1,  1, -1,  1,  1,  1, -1, -1, -1,
       -1, -1, -1, -1, -1, -1, -1, -1,  1,  1,  1]))
(array([2, 1, 2, 1, 3, 2, 1, 1, 1, 1, 1, 1, 1, 1, 1, 1, 1, 2, 1, 1, 1, 1,
       1, 3, 1, 1, 1, 1, 2, 1, 1, 2, 1, 2, 1, 2, 1, 1, 2, 1, 1, 2, 1, 2,
       2, 2, 1, 1, 1, 3, 3, 1, 2, 3, 2, 2, 1, 2, 1, 1, 2, 1, 1, 2, 1, 1,
       2, 1, 2, 1, 1, 1, 2, 1, 1, 1, 3, 1, 1, 1, 1, 1, 1, 2, 1, 2, 1, 3,
       1, 2, 2, 1, 1, 1, 1, 1, 3]), array([ 1,  1,  1,  1,  1, -1,  1, -1,  1, -1, -1, -1,  1,  1,  1,  1, -1,
        1, -1,  1,  1,  1, -1,  1,  1,  1,  1, -1, -1, -1,  1,  1, -1,  1,
        1, -1,  1,  1,  1,  1,  1, -1, -1,  1, -1, -1,  1, -1, -1,  1,  1,
        1,  1,  1,  1,  1, -1, -1, -1,  1, -1,  1, -1, -1, -1, -1, -1,  1,
       -1,  1, -1,  1,  1,  1, -1, -1, -1,  1, -1,  1,  1,  1, -1, -1, -1,
       -1, -1, -1, -1, -1, -1, -1, -1,  1,  1,  1,  1]))
(array([2, 1, 2, 1, 3, 2, 1, 1, 1, 1, 1, 1, 1, 1, 1, 1, 1, 2, 1, 1, 1, 1,
       1, 3, 1, 1, 1, 1, 2, 1, 1, 2, 1, 2, 1, 2, 1, 1, 2, 1, 1, 2, 1, 2,
       2, 2, 1, 1, 1, 3, 3, 1, 2, 3, 2, 2, 1, 2, 1, 1, 2, 1, 1, 2, 1, 1,
       2, 1, 2, 1, 1, 1, 2, 1, 1, 1, 3, 1, 1, 1, 1, 1, 1, 2, 1, 2, 1, 3,
       1, 2, 2, 1, 1, 1, 1, 1, 3, 1]), array([ 1,  1,  1,  1,  1, -1,  1, -1,  1, -1, -1, -1,  1,  1,  1,  1, -1,
        1, -1,  1,  1,  1, -1,  1,  1,  1,  1, -1, -1, -1,  1,  1, -1,  1,
        1, -1,  1,  1,  1,  1,  1, -1, -1,  1, -1, -1,  1, -1, -1,  1,  1,
        1,  1,  1,  1,  1, -1, -1, -1,  1, -1,  1, -1, -1, -1, -1, -1,  1,
       -1,  1, -1,  1,  1,  1, -1, -1, -1,  1, -1,  1,  1,  1, -1, -1, -1,
       -1, -1, -1, -1, -1, -1, -1, -1,  1,  1,  1,  1, -1]))
(array([2, 1, 2, 1, 3, 2, 1, 1, 1, 1, 1, 1, 1, 1, 1, 1, 1, 2, 1, 1, 1, 1,
       1, 3, 1, 1, 1, 1, 2, 1, 1, 2, 1, 2, 1, 2, 1, 1, 2, 1, 1, 2, 1, 2,
       2, 2, 1, 1, 1, 3, 3, 1, 2, 3, 2, 2, 1, 2, 1, 1, 2, 1, 1, 2, 1, 1,
       2, 1, 2, 1, 1, 1, 2, 1, 1, 1, 3, 1, 1, 1, 1, 1, 1, 2, 1, 2, 1, 3,
       1, 2, 2, 1, 1, 1, 1, 1, 3, 1, 1]), array([ 1,  1,  1,  1,  1, -1,  1, -1,  1, -1, -1, -1,  1,  1,  1,  1, -1,
        1, -1,  1,  1,  1, -1,  1,  1,  1,  1, -1, -1, -1,  1,  1, -1,  1,
        1, -1,  1,  1,  1,  1,  1, -1, -1,  1, -1, -1,  1, -1, -1,  1,  1,
        1,  1,  1,  1,  1, -1, -1, -1,  1, -1,  1, -1, -1, -1, -1, -1,  1,
       -1,  1, -1,  1,  1,  1, -1, -1, -1,  1, -1,  1,  1,  1, -1, -1, -1,
       -1, -1, -1, -1, -1, -1, -1, -1,  1,  1,  1,  1, -1,  1]))
(array([2, 1, 2, 1, 3, 2, 1, 1, 1, 1, 1, 1, 1, 1, 1, 1, 1, 2, 1, 1, 1, 1,
       1, 3, 1, 1, 1, 1, 2, 1, 1, 2, 1, 2, 1, 2, 1, 1, 2, 1, 1, 2, 1, 2,
       2, 2, 1, 1, 1, 3, 3, 1, 2, 3, 2, 2, 1, 2, 1, 1, 2, 1, 1, 2, 1, 1,
       2, 1, 2, 1, 1, 1, 2, 1, 1, 1, 3, 1, 1, 1, 1, 1, 1, 2, 1, 2, 1, 3,
       1, 2, 2, 1, 1, 1, 1, 1, 3, 1, 1, 2]), array([ 1,  1,  1,  1,  1, -1,  1, -1,  1, -1, -1, -1,  1,  1,  1,  1, -1,
        1, -1,  1,  1,  1, -1,  1,  1,  1,  1, -1, -1, -1,  1,  1, -1,  1,
        1, -1,  1,  1,  1,  1,  1, -1, -1,  1, -1, -1,  1, -1, -1,  1,  1,
        1,  1,  1,  1,  1, -1, -1, -1,  1, -1,  1, -1, -1, -1, -1, -1,  1,
       -1,  1, -1,  1,  1,  1, -1, -1, -1,  1, -1,  1,  1,  1, -1, -1, -1,
       -1, -1, -1, -1, -1, -1, -1, -1,  1,  1,  1,  1, -1,  1, -1]))
(array([2, 1, 2, 1, 3, 2, 1, 1, 1, 1, 1, 1, 1, 1, 1, 1, 1, 2, 1, 1, 1, 1,
       1, 3, 1, 1, 1, 1, 2, 1, 1, 2, 1, 2, 1, 2, 1, 1, 2, 1, 1, 2, 1, 2,
       2, 2, 1, 1, 1, 3, 3, 1, 2, 3, 2, 2, 1, 2, 1, 1, 2, 1, 1, 2, 1, 1,
       2, 1, 2, 1, 1, 1, 2, 1, 1, 1, 3, 1, 1, 1, 1, 1, 1, 2, 1, 2, 1, 3,
       1, 2, 2, 1, 1, 1, 1, 1, 3, 1, 1, 2, 3]), array([ 1,  1,  1,  1,  1, -1,  1, -1,  1, -1, -1, -1,  1,  1,  1,  1, -1,
        1, -1,  1,  1,  1, -1,  1,  1,  1,  1, -1, -1, -1,  1,  1, -1,  1,
        1, -1,  1,  1,  1,  1,  1, -1, -1,  1, -1, -1,  1, -1, -1,  1,  1,
        1,  1,  1,  1,  1, -1, -1, -1,  1, -1,  1, -1, -1, -1, -1, -1,  1,
       -1,  1, -1,  1,  1,  1, -1, -1, -1,  1, -1,  1,  1,  1, -1, -1, -1,
       -1, -1, -1, -1, -1, -1, -1, -1,  1,  1,  1,  1, -1,  1, -1,  1]))
FDTC of word 0: 0
FDTC of word 1: 0
FDTC of word 2: 0
FDTC of word 3: 0
FDTC of word 4: 1/2
FDTC of word 5: 1/3
FDTC of word 6: 1/2
FDTC of word 7: 1/3
FDTC of word 8: 1/2
FDTC of word 9: 1/3
FDTC of word 10: 0
FDTC of word 11: 0
FDTC of word 12: 0
FDTC of word 13: 1/3
FDTC of word 14: 1/2
FDTC of word 15: 1/2
FDTC of word 16: 1/2
FDTC of word 17: 1/2
FDTC of word 18: 1/2
FDTC of word 19: 1/2
FDTC of word 20: 1/2
FDTC of word 21: 1/2
FDTC of word 22: 1/2
FDTC of word 23: 1/2
FDTC of word 24: 3/4
FDTC of word 25: 1
FDTC of word 26: 1
FDTC of word 27: 1
FDTC of word 28: 3/4
FDTC of word 29: 1/2
FDTC of word 30: 3/4
FDTC of word 31: 1
FDTC of word 32: 3/4
FDTC of word 33: 1
FDTC of word 34: 1
FDTC of word 35: 1
FDTC of word 36: 1
FDTC of word 37: 1
FDTC of word 38: 1
FDTC of word 39: 1
FDTC of word 40: 1
FDTC of word 41: 1
FDTC of word 42: 1
FDTC of word 43: 1
FDTC of word 44: 1
FDTC of word 45: 1
FDTC of word 46: 1
FDTC of word 47: 1
FDTC of word 48: 1
FDTC of word 49: 1
FDTC of word 50: 1
FDTC of word 51: 1
FDTC of word 52: 1
FDTC of word 53: 1
FDTC of word 54: 1
FDTC of word 55: 1
FDTC of word 56: 1
FDTC of word 57: 1
FDTC of word 58: 1
FDTC of word 59: 1
FDTC of word 60: 1
FDTC of word 61: 1
FDTC of word 62: 1
FDTC of word 63: 1
FDTC of word 64: 0
FDTC of word 65: 1
FDTC of word 66: 1
FDTC of word 67: 1
FDTC of word 68: 1
FDTC of word 69: 1
FDTC of word 70: 1
FDTC of word 71: 1
FDTC of word 72: 1
FDTC of word 73: 1
FDTC of word 74: 1
FDTC of word 75: 1
FDTC of word 76: 1
FDTC of word 77: 1
FDTC of word 78: 1
FDTC of word 79: 1
FDTC of word 80: 1
FDTC of word 81: 1
FDTC of word 82: 1
FDTC of word 83: 1
FDTC of word 84: 1
FDTC of word 85: 1
FDTC of word 86: 0
FDTC of word 87: 0
FDTC of word 88: 0
FDTC of word 89: 0
FDTC of word 90: 0
FDTC of word 91: 0
FDTC of word 92: 0
FDTC of word 93: 0
FDTC of word 94: 0
FDTC of word 95: 0
FDTC of word 96: 0
FDTC of word 97: 0
FDTC of word 98: 0
FDTC of word 99: 0
FDTC of word 100: 0
====FREQUENCY TABLE======
For Uniform distribution, in B_4 we have:
0      78.2%
1/2    13.9%
1/3     4.0%
3/4     4.0%
Name: Fractional parts, dtype: object
====TRANSITION FREQUENCY TABLE======
For Uniform distribution, in B_4 we have:
(0, 0)        74.0%
(1/2, 1/2)     9.0%
(1/2, 1/3)     3.0%
(1/3, 1/2)     3.0%
(3/4, 0)       3.0%
(1/2, 3/4)     2.0%
(0, 3/4)       2.0%
(0, 1/2)       1.0%
(1/3, 0)       1.0%
(0, 1/3)       1.0%
(3/4, 1/2)     1.0%
Name: Transitions, dtype: object
