(array([2]), array([-1]))
(array([2, 2]), array([-1,  1]))
(array([2, 2, 3]), array([-1,  1, -1]))
(array([2, 2, 3, 2]), array([-1,  1, -1,  1]))
(array([2, 2, 3, 2, 2]), array([-1,  1, -1,  1, -1]))
(array([2, 2, 3, 2, 2, 1]), array([-1,  1, -1,  1, -1, -1]))
(array([2, 2, 3, 2, 2, 1, 1]), array([-1,  1, -1,  1, -1, -1,  1]))
(array([2, 2, 3, 2, 2, 1, 1, 3]), array([-1,  1, -1,  1, -1, -1,  1,  1]))
(array([2, 2, 3, 2, 2, 1, 1, 3, 1]), array([-1,  1, -1,  1, -1, -1,  1,  1,  1]))
(array([2, 2, 3, 2, 2, 1, 1, 3, 1, 1]), array([-1,  1, -1,  1, -1, -1,  1,  1,  1,  1]))
(array([2, 2, 3, 2, 2, 1, 1, 3, 1, 1, 1]), array([-1,  1, -1,  1, -1, -1,  1,  1,  1,  1,  1]))
(array([2, 2, 3, 2, 2, 1, 1, 3, 1, 1, 1, 2]), array([-1,  1, -1,  1, -1, -1,  1,  1,  1,  1,  1,  1]))
(array([2, 2, 3, 2, 2, 1, 1, 3, 1, 1, 1, 2, 1]), array([-1,  1, -1,  1, -1, -1,  1,  1,  1,  1,  1,  1,  1]))
(array([2, 2, 3, 2, 2, 1, 1, 3, 1, 1, 1, 2, 1, 3]), array([-1,  1, -1,  1, -1, -1,  1,  1,  1,  1,  1,  1,  1,  1]))
(array([2, 2, 3, 2, 2, 1, 1, 3, 1, 1, 1, 2, 1, 3, 3]), array([-1,  1, -1,  1, -1, -1,  1,  1,  1,  1,  1,  1,  1,  1,  1]))
(array([2, 2, 3, 2, 2, 1, 1, 3, 1, 1, 1, 2, 1, 3, 3, 1]), array([-1,  1, -1,  1, -1, -1,  1,  1,  1,  1,  1,  1,  1,  1,  1,  1]))
(array([2, 2, 3, 2, 2, 1, 1, 3, 1, 1, 1, 2, 1, 3, 3, 1, 2]), array([-1,  1, -1,  1, -1, -1,  1,  1,  1,  1,  1,  1,  1,  1,  1,  1,  1]))
(array([2, 2, 3, 2, 2, 1, 1, 3, 1, 1, 1, 2, 1, 3, 3, 1, 2, 1]), array([-1,  1, -1,  1, -1, -1,  1,  1,  1,  1,  1,  1,  1,  1,  1,  1,  1,
        1]))
(array([2, 2, 3, 2, 2, 1, 1, 3, 1, 1, 1, 2, 1, 3, 3, 1, 2, 1, 1]), array([-1,  1, -1,  1, -1, -1,  1,  1,  1,  1,  1,  1,  1,  1,  1,  1,  1,
        1,  1]))
(array([2, 2, 3, 2, 2, 1, 1, 3, 1, 1, 1, 2, 1, 3, 3, 1, 2, 1, 1, 1]), array([-1,  1, -1,  1, -1, -1,  1,  1,  1,  1,  1,  1,  1,  1,  1,  1,  1,
        1,  1,  1]))
(array([2, 2, 3, 2, 2, 1, 1, 3, 1, 1, 1, 2, 1, 3, 3, 1, 2, 1, 1, 1, 2]), array([-1,  1, -1,  1, -1, -1,  1,  1,  1,  1,  1,  1,  1,  1,  1,  1,  1,
        1,  1,  1,  1]))
(array([2, 2, 3, 2, 2, 1, 1, 3, 1, 1, 1, 2, 1, 3, 3, 1, 2, 1, 1, 1, 2, 2]), array([-1,  1, -1,  1, -1, -1,  1,  1,  1,  1,  1,  1,  1,  1,  1,  1,  1,
        1,  1,  1,  1, -1]))
(array([2, 2, 3, 2, 2, 1, 1, 3, 1, 1, 1, 2, 1, 3, 3, 1, 2, 1, 1, 1, 2, 2,
       2]), array([-1,  1, -1,  1, -1, -1,  1,  1,  1,  1,  1,  1,  1,  1,  1,  1,  1,
        1,  1,  1,  1, -1,  1]))
(array([2, 2, 3, 2, 2, 1, 1, 3, 1, 1, 1, 2, 1, 3, 3, 1, 2, 1, 1, 1, 2, 2,
       2, 1]), array([-1,  1, -1,  1, -1, -1,  1,  1,  1,  1,  1,  1,  1,  1,  1,  1,  1,
        1,  1,  1,  1, -1,  1,  1]))
(array([2, 2, 3, 2, 2, 1, 1, 3, 1, 1, 1, 2, 1, 3, 3, 1, 2, 1, 1, 1, 2, 2,
       2, 1, 2]), array([-1,  1, -1,  1, -1, -1,  1,  1,  1,  1,  1,  1,  1,  1,  1,  1,  1,
        1,  1,  1,  1, -1,  1,  1,  1]))
(array([2, 2, 3, 2, 2, 1, 1, 3, 1, 1, 1, 2, 1, 3, 3, 1, 2, 1, 1, 1, 2, 2,
       2, 1, 2, 3]), array([-1,  1, -1,  1, -1, -1,  1,  1,  1,  1,  1,  1,  1,  1,  1,  1,  1,
        1,  1,  1,  1, -1,  1,  1,  1, -1]))
(array([2, 2, 3, 2, 2, 1, 1, 3, 1, 1, 1, 2, 1, 3, 3, 1, 2, 1, 1, 1, 2, 2,
       2, 1, 2, 3, 3]), array([-1,  1, -1,  1, -1, -1,  1,  1,  1,  1,  1,  1,  1,  1,  1,  1,  1,
        1,  1,  1,  1, -1,  1,  1,  1, -1,  1]))
(array([2, 2, 3, 2, 2, 1, 1, 3, 1, 1, 1, 2, 1, 3, 3, 1, 2, 1, 1, 1, 2, 2,
       2, 1, 2, 3, 3, 3]), array([-1,  1, -1,  1, -1, -1,  1,  1,  1,  1,  1,  1,  1,  1,  1,  1,  1,
        1,  1,  1,  1, -1,  1,  1,  1, -1,  1,  1]))
(array([2, 2, 3, 2, 2, 1, 1, 3, 1, 1, 1, 2, 1, 3, 3, 1, 2, 1, 1, 1, 2, 2,
       2, 1, 2, 3, 3, 3, 1]), array([-1,  1, -1,  1, -1, -1,  1,  1,  1,  1,  1,  1,  1,  1,  1,  1,  1,
        1,  1,  1,  1, -1,  1,  1,  1, -1,  1,  1,  1]))
(array([2, 2, 3, 2, 2, 1, 1, 3, 1, 1, 1, 2, 1, 3, 3, 1, 2, 1, 1, 1, 2, 2,
       2, 1, 2, 3, 3, 3, 1, 1]), array([-1,  1, -1,  1, -1, -1,  1,  1,  1,  1,  1,  1,  1,  1,  1,  1,  1,
        1,  1,  1,  1, -1,  1,  1,  1, -1,  1,  1,  1,  1]))
(array([2, 2, 3, 2, 2, 1, 1, 3, 1, 1, 1, 2, 1, 3, 3, 1, 2, 1, 1, 1, 2, 2,
       2, 1, 2, 3, 3, 3, 1, 1, 3]), array([-1,  1, -1,  1, -1, -1,  1,  1,  1,  1,  1,  1,  1,  1,  1,  1,  1,
        1,  1,  1,  1, -1,  1,  1,  1, -1,  1,  1,  1,  1,  1]))
(array([2, 2, 3, 2, 2, 1, 1, 3, 1, 1, 1, 2, 1, 3, 3, 1, 2, 1, 1, 1, 2, 2,
       2, 1, 2, 3, 3, 3, 1, 1, 3, 1]), array([-1,  1, -1,  1, -1, -1,  1,  1,  1,  1,  1,  1,  1,  1,  1,  1,  1,
        1,  1,  1,  1, -1,  1,  1,  1, -1,  1,  1,  1,  1,  1,  1]))
(array([2, 2, 3, 2, 2, 1, 1, 3, 1, 1, 1, 2, 1, 3, 3, 1, 2, 1, 1, 1, 2, 2,
       2, 1, 2, 3, 3, 3, 1, 1, 3, 1, 1]), array([-1,  1, -1,  1, -1, -1,  1,  1,  1,  1,  1,  1,  1,  1,  1,  1,  1,
        1,  1,  1,  1, -1,  1,  1,  1, -1,  1,  1,  1,  1,  1,  1,  1]))
(array([2, 2, 3, 2, 2, 1, 1, 3, 1, 1, 1, 2, 1, 3, 3, 1, 2, 1, 1, 1, 2, 2,
       2, 1, 2, 3, 3, 3, 1, 1, 3, 1, 1, 1]), array([-1,  1, -1,  1, -1, -1,  1,  1,  1,  1,  1,  1,  1,  1,  1,  1,  1,
        1,  1,  1,  1, -1,  1,  1,  1, -1,  1,  1,  1,  1,  1,  1,  1, -1]))
(array([2, 2, 3, 2, 2, 1, 1, 3, 1, 1, 1, 2, 1, 3, 3, 1, 2, 1, 1, 1, 2, 2,
       2, 1, 2, 3, 3, 3, 1, 1, 3, 1, 1, 1, 1]), array([-1,  1, -1,  1, -1, -1,  1,  1,  1,  1,  1,  1,  1,  1,  1,  1,  1,
        1,  1,  1,  1, -1,  1,  1,  1, -1,  1,  1,  1,  1,  1,  1,  1, -1,
        1]))
(array([2, 2, 3, 2, 2, 1, 1, 3, 1, 1, 1, 2, 1, 3, 3, 1, 2, 1, 1, 1, 2, 2,
       2, 1, 2, 3, 3, 3, 1, 1, 3, 1, 1, 1, 1, 1]), array([-1,  1, -1,  1, -1, -1,  1,  1,  1,  1,  1,  1,  1,  1,  1,  1,  1,
        1,  1,  1,  1, -1,  1,  1,  1, -1,  1,  1,  1,  1,  1,  1,  1, -1,
        1,  1]))
(array([2, 2, 3, 2, 2, 1, 1, 3, 1, 1, 1, 2, 1, 3, 3, 1, 2, 1, 1, 1, 2, 2,
       2, 1, 2, 3, 3, 3, 1, 1, 3, 1, 1, 1, 1, 1, 2]), array([-1,  1, -1,  1, -1, -1,  1,  1,  1,  1,  1,  1,  1,  1,  1,  1,  1,
        1,  1,  1,  1, -1,  1,  1,  1, -1,  1,  1,  1,  1,  1,  1,  1, -1,
        1,  1, -1]))
(array([2, 2, 3, 2, 2, 1, 1, 3, 1, 1, 1, 2, 1, 3, 3, 1, 2, 1, 1, 1, 2, 2,
       2, 1, 2, 3, 3, 3, 1, 1, 3, 1, 1, 1, 1, 1, 2, 1]), array([-1,  1, -1,  1, -1, -1,  1,  1,  1,  1,  1,  1,  1,  1,  1,  1,  1,
        1,  1,  1,  1, -1,  1,  1,  1, -1,  1,  1,  1,  1,  1,  1,  1, -1,
        1,  1, -1,  1]))
(array([2, 2, 3, 2, 2, 1, 1, 3, 1, 1, 1, 2, 1, 3, 3, 1, 2, 1, 1, 1, 2, 2,
       2, 1, 2, 3, 3, 3, 1, 1, 3, 1, 1, 1, 1, 1, 2, 1, 3]), array([-1,  1, -1,  1, -1, -1,  1,  1,  1,  1,  1,  1,  1,  1,  1,  1,  1,
        1,  1,  1,  1, -1,  1,  1,  1, -1,  1,  1,  1,  1,  1,  1,  1, -1,
        1,  1, -1,  1,  1]))
(array([2, 2, 3, 2, 2, 1, 1, 3, 1, 1, 1, 2, 1, 3, 3, 1, 2, 1, 1, 1, 2, 2,
       2, 1, 2, 3, 3, 3, 1, 1, 3, 1, 1, 1, 1, 1, 2, 1, 3, 1]), array([-1,  1, -1,  1, -1, -1,  1,  1,  1,  1,  1,  1,  1,  1,  1,  1,  1,
        1,  1,  1,  1, -1,  1,  1,  1, -1,  1,  1,  1,  1,  1,  1,  1, -1,
        1,  1, -1,  1,  1,  1]))
(array([2, 2, 3, 2, 2, 1, 1, 3, 1, 1, 1, 2, 1, 3, 3, 1, 2, 1, 1, 1, 2, 2,
       2, 1, 2, 3, 3, 3, 1, 1, 3, 1, 1, 1, 1, 1, 2, 1, 3, 1, 1]), array([-1,  1, -1,  1, -1, -1,  1,  1,  1,  1,  1,  1,  1,  1,  1,  1,  1,
        1,  1,  1,  1, -1,  1,  1,  1, -1,  1,  1,  1,  1,  1,  1,  1, -1,
        1,  1, -1,  1,  1,  1,  1]))
(array([2, 2, 3, 2, 2, 1, 1, 3, 1, 1, 1, 2, 1, 3, 3, 1, 2, 1, 1, 1, 2, 2,
       2, 1, 2, 3, 3, 3, 1, 1, 3, 1, 1, 1, 1, 1, 2, 1, 3, 1, 1, 1]), array([-1,  1, -1,  1, -1, -1,  1,  1,  1,  1,  1,  1,  1,  1,  1,  1,  1,
        1,  1,  1,  1, -1,  1,  1,  1, -1,  1,  1,  1,  1,  1,  1,  1, -1,
        1,  1, -1,  1,  1,  1,  1,  1]))
(array([2, 2, 3, 2, 2, 1, 1, 3, 1, 1, 1, 2, 1, 3, 3, 1, 2, 1, 1, 1, 2, 2,
       2, 1, 2, 3, 3, 3, 1, 1, 3, 1, 1, 1, 1, 1, 2, 1, 3, 1, 1, 1, 2]), array([-1,  1, -1,  1, -1, -1,  1,  1,  1,  1,  1,  1,  1,  1,  1,  1,  1,
        1,  1,  1,  1, -1,  1,  1,  1, -1,  1,  1,  1,  1,  1,  1,  1, -1,
        1,  1, -1,  1,  1,  1,  1,  1,  1]))
(array([2, 2, 3, 2, 2, 1, 1, 3, 1, 1, 1, 2, 1, 3, 3, 1, 2, 1, 1, 1, 2, 2,
       2, 1, 2, 3, 3, 3, 1, 1, 3, 1, 1, 1, 1, 1, 2, 1, 3, 1, 1, 1, 2, 2]), array([-1,  1, -1,  1, -1, -1,  1,  1,  1,  1,  1,  1,  1,  1,  1,  1,  1,
        1,  1,  1,  1, -1,  1,  1,  1, -1,  1,  1,  1,  1,  1,  1,  1, -1,
        1,  1, -1,  1,  1,  1,  1,  1,  1,  1]))
(array([2, 2, 3, 2, 2, 1, 1, 3, 1, 1, 1, 2, 1, 3, 3, 1, 2, 1, 1, 1, 2, 2,
       2, 1, 2, 3, 3, 3, 1, 1, 3, 1, 1, 1, 1, 1, 2, 1, 3, 1, 1, 1, 2, 2,
       1]), array([-1,  1, -1,  1, -1, -1,  1,  1,  1,  1,  1,  1,  1,  1,  1,  1,  1,
        1,  1,  1,  1, -1,  1,  1,  1, -1,  1,  1,  1,  1,  1,  1,  1, -1,
        1,  1, -1,  1,  1,  1,  1,  1,  1,  1,  1]))
(array([2, 2, 3, 2, 2, 1, 1, 3, 1, 1, 1, 2, 1, 3, 3, 1, 2, 1, 1, 1, 2, 2,
       2, 1, 2, 3, 3, 3, 1, 1, 3, 1, 1, 1, 1, 1, 2, 1, 3, 1, 1, 1, 2, 2,
       1, 1]), array([-1,  1, -1,  1, -1, -1,  1,  1,  1,  1,  1,  1,  1,  1,  1,  1,  1,
        1,  1,  1,  1, -1,  1,  1,  1, -1,  1,  1,  1,  1,  1,  1,  1, -1,
        1,  1, -1,  1,  1,  1,  1,  1,  1,  1,  1,  1]))
(array([2, 2, 3, 2, 2, 1, 1, 3, 1, 1, 1, 2, 1, 3, 3, 1, 2, 1, 1, 1, 2, 2,
       2, 1, 2, 3, 3, 3, 1, 1, 3, 1, 1, 1, 1, 1, 2, 1, 3, 1, 1, 1, 2, 2,
       1, 1, 3]), array([-1,  1, -1,  1, -1, -1,  1,  1,  1,  1,  1,  1,  1,  1,  1,  1,  1,
        1,  1,  1,  1, -1,  1,  1,  1, -1,  1,  1,  1,  1,  1,  1,  1, -1,
        1,  1, -1,  1,  1,  1,  1,  1,  1,  1,  1,  1,  1]))
(array([2, 2, 3, 2, 2, 1, 1, 3, 1, 1, 1, 2, 1, 3, 3, 1, 2, 1, 1, 1, 2, 2,
       2, 1, 2, 3, 3, 3, 1, 1, 3, 1, 1, 1, 1, 1, 2, 1, 3, 1, 1, 1, 2, 2,
       1, 1, 3, 2]), array([-1,  1, -1,  1, -1, -1,  1,  1,  1,  1,  1,  1,  1,  1,  1,  1,  1,
        1,  1,  1,  1, -1,  1,  1,  1, -1,  1,  1,  1,  1,  1,  1,  1, -1,
        1,  1, -1,  1,  1,  1,  1,  1,  1,  1,  1,  1,  1,  1]))
(array([2, 2, 3, 2, 2, 1, 1, 3, 1, 1, 1, 2, 1, 3, 3, 1, 2, 1, 1, 1, 2, 2,
       2, 1, 2, 3, 3, 3, 1, 1, 3, 1, 1, 1, 1, 1, 2, 1, 3, 1, 1, 1, 2, 2,
       1, 1, 3, 2, 2]), array([-1,  1, -1,  1, -1, -1,  1,  1,  1,  1,  1,  1,  1,  1,  1,  1,  1,
        1,  1,  1,  1, -1,  1,  1,  1, -1,  1,  1,  1,  1,  1,  1,  1, -1,
        1,  1, -1,  1,  1,  1,  1,  1,  1,  1,  1,  1,  1,  1,  1]))
(array([2, 2, 3, 2, 2, 1, 1, 3, 1, 1, 1, 2, 1, 3, 3, 1, 2, 1, 1, 1, 2, 2,
       2, 1, 2, 3, 3, 3, 1, 1, 3, 1, 1, 1, 1, 1, 2, 1, 3, 1, 1, 1, 2, 2,
       1, 1, 3, 2, 2, 2]), array([-1,  1, -1,  1, -1, -1,  1,  1,  1,  1,  1,  1,  1,  1,  1,  1,  1,
        1,  1,  1,  1, -1,  1,  1,  1, -1,  1,  1,  1,  1,  1,  1,  1, -1,
        1,  1, -1,  1,  1,  1,  1,  1,  1,  1,  1,  1,  1,  1,  1,  1]))
(array([2, 2, 3, 2, 2, 1, 1, 3, 1, 1, 1, 2, 1, 3, 3, 1, 2, 1, 1, 1, 2, 2,
       2, 1, 2, 3, 3, 3, 1, 1, 3, 1, 1, 1, 1, 1, 2, 1, 3, 1, 1, 1, 2, 2,
       1, 1, 3, 2, 2, 2, 1]), array([-1,  1, -1,  1, -1, -1,  1,  1,  1,  1,  1,  1,  1,  1,  1,  1,  1,
        1,  1,  1,  1, -1,  1,  1,  1, -1,  1,  1,  1,  1,  1,  1,  1, -1,
        1,  1, -1,  1,  1,  1,  1,  1,  1,  1,  1,  1,  1,  1,  1,  1,  1]))
(array([2, 2, 3, 2, 2, 1, 1, 3, 1, 1, 1, 2, 1, 3, 3, 1, 2, 1, 1, 1, 2, 2,
       2, 1, 2, 3, 3, 3, 1, 1, 3, 1, 1, 1, 1, 1, 2, 1, 3, 1, 1, 1, 2, 2,
       1, 1, 3, 2, 2, 2, 1, 1]), array([-1,  1, -1,  1, -1, -1,  1,  1,  1,  1,  1,  1,  1,  1,  1,  1,  1,
        1,  1,  1,  1, -1,  1,  1,  1, -1,  1,  1,  1,  1,  1,  1,  1, -1,
        1,  1, -1,  1,  1,  1,  1,  1,  1,  1,  1,  1,  1,  1,  1,  1,  1,
        1]))
(array([2, 2, 3, 2, 2, 1, 1, 3, 1, 1, 1, 2, 1, 3, 3, 1, 2, 1, 1, 1, 2, 2,
       2, 1, 2, 3, 3, 3, 1, 1, 3, 1, 1, 1, 1, 1, 2, 1, 3, 1, 1, 1, 2, 2,
       1, 1, 3, 2, 2, 2, 1, 1, 2]), array([-1,  1, -1,  1, -1, -1,  1,  1,  1,  1,  1,  1,  1,  1,  1,  1,  1,
        1,  1,  1,  1, -1,  1,  1,  1, -1,  1,  1,  1,  1,  1,  1,  1, -1,
        1,  1, -1,  1,  1,  1,  1,  1,  1,  1,  1,  1,  1,  1,  1,  1,  1,
        1, -1]))
(array([2, 2, 3, 2, 2, 1, 1, 3, 1, 1, 1, 2, 1, 3, 3, 1, 2, 1, 1, 1, 2, 2,
       2, 1, 2, 3, 3, 3, 1, 1, 3, 1, 1, 1, 1, 1, 2, 1, 3, 1, 1, 1, 2, 2,
       1, 1, 3, 2, 2, 2, 1, 1, 2, 1]), array([-1,  1, -1,  1, -1, -1,  1,  1,  1,  1,  1,  1,  1,  1,  1,  1,  1,
        1,  1,  1,  1, -1,  1,  1,  1, -1,  1,  1,  1,  1,  1,  1,  1, -1,
        1,  1, -1,  1,  1,  1,  1,  1,  1,  1,  1,  1,  1,  1,  1,  1,  1,
        1, -1, -1]))
(array([2, 2, 3, 2, 2, 1, 1, 3, 1, 1, 1, 2, 1, 3, 3, 1, 2, 1, 1, 1, 2, 2,
       2, 1, 2, 3, 3, 3, 1, 1, 3, 1, 1, 1, 1, 1, 2, 1, 3, 1, 1, 1, 2, 2,
       1, 1, 3, 2, 2, 2, 1, 1, 2, 1, 1]), array([-1,  1, -1,  1, -1, -1,  1,  1,  1,  1,  1,  1,  1,  1,  1,  1,  1,
        1,  1,  1,  1, -1,  1,  1,  1, -1,  1,  1,  1,  1,  1,  1,  1, -1,
        1,  1, -1,  1,  1,  1,  1,  1,  1,  1,  1,  1,  1,  1,  1,  1,  1,
        1, -1, -1,  1]))
(array([2, 2, 3, 2, 2, 1, 1, 3, 1, 1, 1, 2, 1, 3, 3, 1, 2, 1, 1, 1, 2, 2,
       2, 1, 2, 3, 3, 3, 1, 1, 3, 1, 1, 1, 1, 1, 2, 1, 3, 1, 1, 1, 2, 2,
       1, 1, 3, 2, 2, 2, 1, 1, 2, 1, 1, 1]), array([-1,  1, -1,  1, -1, -1,  1,  1,  1,  1,  1,  1,  1,  1,  1,  1,  1,
        1,  1,  1,  1, -1,  1,  1,  1, -1,  1,  1,  1,  1,  1,  1,  1, -1,
        1,  1, -1,  1,  1,  1,  1,  1,  1,  1,  1,  1,  1,  1,  1,  1,  1,
        1, -1, -1,  1, -1]))
(array([2, 2, 3, 2, 2, 1, 1, 3, 1, 1, 1, 2, 1, 3, 3, 1, 2, 1, 1, 1, 2, 2,
       2, 1, 2, 3, 3, 3, 1, 1, 3, 1, 1, 1, 1, 1, 2, 1, 3, 1, 1, 1, 2, 2,
       1, 1, 3, 2, 2, 2, 1, 1, 2, 1, 1, 1, 1]), array([-1,  1, -1,  1, -1, -1,  1,  1,  1,  1,  1,  1,  1,  1,  1,  1,  1,
        1,  1,  1,  1, -1,  1,  1,  1, -1,  1,  1,  1,  1,  1,  1,  1, -1,
        1,  1, -1,  1,  1,  1,  1,  1,  1,  1,  1,  1,  1,  1,  1,  1,  1,
        1, -1, -1,  1, -1,  1]))
(array([2, 2, 3, 2, 2, 1, 1, 3, 1, 1, 1, 2, 1, 3, 3, 1, 2, 1, 1, 1, 2, 2,
       2, 1, 2, 3, 3, 3, 1, 1, 3, 1, 1, 1, 1, 1, 2, 1, 3, 1, 1, 1, 2, 2,
       1, 1, 3, 2, 2, 2, 1, 1, 2, 1, 1, 1, 1, 2]), array([-1,  1, -1,  1, -1, -1,  1,  1,  1,  1,  1,  1,  1,  1,  1,  1,  1,
        1,  1,  1,  1, -1,  1,  1,  1, -1,  1,  1,  1,  1,  1,  1,  1, -1,
        1,  1, -1,  1,  1,  1,  1,  1,  1,  1,  1,  1,  1,  1,  1,  1,  1,
        1, -1, -1,  1, -1,  1,  1]))
(array([2, 2, 3, 2, 2, 1, 1, 3, 1, 1, 1, 2, 1, 3, 3, 1, 2, 1, 1, 1, 2, 2,
       2, 1, 2, 3, 3, 3, 1, 1, 3, 1, 1, 1, 1, 1, 2, 1, 3, 1, 1, 1, 2, 2,
       1, 1, 3, 2, 2, 2, 1, 1, 2, 1, 1, 1, 1, 2, 1]), array([-1,  1, -1,  1, -1, -1,  1,  1,  1,  1,  1,  1,  1,  1,  1,  1,  1,
        1,  1,  1,  1, -1,  1,  1,  1, -1,  1,  1,  1,  1,  1,  1,  1, -1,
        1,  1, -1,  1,  1,  1,  1,  1,  1,  1,  1,  1,  1,  1,  1,  1,  1,
        1, -1, -1,  1, -1,  1,  1,  1]))
(array([2, 2, 3, 2, 2, 1, 1, 3, 1, 1, 1, 2, 1, 3, 3, 1, 2, 1, 1, 1, 2, 2,
       2, 1, 2, 3, 3, 3, 1, 1, 3, 1, 1, 1, 1, 1, 2, 1, 3, 1, 1, 1, 2, 2,
       1, 1, 3, 2, 2, 2, 1, 1, 2, 1, 1, 1, 1, 2, 1, 2]), array([-1,  1, -1,  1, -1, -1,  1,  1,  1,  1,  1,  1,  1,  1,  1,  1,  1,
        1,  1,  1,  1, -1,  1,  1,  1, -1,  1,  1,  1,  1,  1,  1,  1, -1,
        1,  1, -1,  1,  1,  1,  1,  1,  1,  1,  1,  1,  1,  1,  1,  1,  1,
        1, -1, -1,  1, -1,  1,  1,  1,  1]))
(array([2, 2, 3, 2, 2, 1, 1, 3, 1, 1, 1, 2, 1, 3, 3, 1, 2, 1, 1, 1, 2, 2,
       2, 1, 2, 3, 3, 3, 1, 1, 3, 1, 1, 1, 1, 1, 2, 1, 3, 1, 1, 1, 2, 2,
       1, 1, 3, 2, 2, 2, 1, 1, 2, 1, 1, 1, 1, 2, 1, 2, 1]), array([-1,  1, -1,  1, -1, -1,  1,  1,  1,  1,  1,  1,  1,  1,  1,  1,  1,
        1,  1,  1,  1, -1,  1,  1,  1, -1,  1,  1,  1,  1,  1,  1,  1, -1,
        1,  1, -1,  1,  1,  1,  1,  1,  1,  1,  1,  1,  1,  1,  1,  1,  1,
        1, -1, -1,  1, -1,  1,  1,  1,  1, -1]))
(array([2, 2, 3, 2, 2, 1, 1, 3, 1, 1, 1, 2, 1, 3, 3, 1, 2, 1, 1, 1, 2, 2,
       2, 1, 2, 3, 3, 3, 1, 1, 3, 1, 1, 1, 1, 1, 2, 1, 3, 1, 1, 1, 2, 2,
       1, 1, 3, 2, 2, 2, 1, 1, 2, 1, 1, 1, 1, 2, 1, 2, 1, 1]), array([-1,  1, -1,  1, -1, -1,  1,  1,  1,  1,  1,  1,  1,  1,  1,  1,  1,
        1,  1,  1,  1, -1,  1,  1,  1, -1,  1,  1,  1,  1,  1,  1,  1, -1,
        1,  1, -1,  1,  1,  1,  1,  1,  1,  1,  1,  1,  1,  1,  1,  1,  1,
        1, -1, -1,  1, -1,  1,  1,  1,  1, -1,  1]))
(array([2, 2, 3, 2, 2, 1, 1, 3, 1, 1, 1, 2, 1, 3, 3, 1, 2, 1, 1, 1, 2, 2,
       2, 1, 2, 3, 3, 3, 1, 1, 3, 1, 1, 1, 1, 1, 2, 1, 3, 1, 1, 1, 2, 2,
       1, 1, 3, 2, 2, 2, 1, 1, 2, 1, 1, 1, 1, 2, 1, 2, 1, 1, 1]), array([-1,  1, -1,  1, -1, -1,  1,  1,  1,  1,  1,  1,  1,  1,  1,  1,  1,
        1,  1,  1,  1, -1,  1,  1,  1, -1,  1,  1,  1,  1,  1,  1,  1, -1,
        1,  1, -1,  1,  1,  1,  1,  1,  1,  1,  1,  1,  1,  1,  1,  1,  1,
        1, -1, -1,  1, -1,  1,  1,  1,  1, -1,  1, -1]))
(array([2, 2, 3, 2, 2, 1, 1, 3, 1, 1, 1, 2, 1, 3, 3, 1, 2, 1, 1, 1, 2, 2,
       2, 1, 2, 3, 3, 3, 1, 1, 3, 1, 1, 1, 1, 1, 2, 1, 3, 1, 1, 1, 2, 2,
       1, 1, 3, 2, 2, 2, 1, 1, 2, 1, 1, 1, 1, 2, 1, 2, 1, 1, 1, 1]), array([-1,  1, -1,  1, -1, -1,  1,  1,  1,  1,  1,  1,  1,  1,  1,  1,  1,
        1,  1,  1,  1, -1,  1,  1,  1, -1,  1,  1,  1,  1,  1,  1,  1, -1,
        1,  1, -1,  1,  1,  1,  1,  1,  1,  1,  1,  1,  1,  1,  1,  1,  1,
        1, -1, -1,  1, -1,  1,  1,  1,  1, -1,  1, -1,  1]))
(array([2, 2, 3, 2, 2, 1, 1, 3, 1, 1, 1, 2, 1, 3, 3, 1, 2, 1, 1, 1, 2, 2,
       2, 1, 2, 3, 3, 3, 1, 1, 3, 1, 1, 1, 1, 1, 2, 1, 3, 1, 1, 1, 2, 2,
       1, 1, 3, 2, 2, 2, 1, 1, 2, 1, 1, 1, 1, 2, 1, 2, 1, 1, 1, 1, 3]), array([-1,  1, -1,  1, -1, -1,  1,  1,  1,  1,  1,  1,  1,  1,  1,  1,  1,
        1,  1,  1,  1, -1,  1,  1,  1, -1,  1,  1,  1,  1,  1,  1,  1, -1,
        1,  1, -1,  1,  1,  1,  1,  1,  1,  1,  1,  1,  1,  1,  1,  1,  1,
        1, -1, -1,  1, -1,  1,  1,  1,  1, -1,  1, -1,  1,  1]))
(array([2, 2, 3, 2, 2, 1, 1, 3, 1, 1, 1, 2, 1, 3, 3, 1, 2, 1, 1, 1, 2, 2,
       2, 1, 2, 3, 3, 3, 1, 1, 3, 1, 1, 1, 1, 1, 2, 1, 3, 1, 1, 1, 2, 2,
       1, 1, 3, 2, 2, 2, 1, 1, 2, 1, 1, 1, 1, 2, 1, 2, 1, 1, 1, 1, 3, 2]), array([-1,  1, -1,  1, -1, -1,  1,  1,  1,  1,  1,  1,  1,  1,  1,  1,  1,
        1,  1,  1,  1, -1,  1,  1,  1, -1,  1,  1,  1,  1,  1,  1,  1, -1,
        1,  1, -1,  1,  1,  1,  1,  1,  1,  1,  1,  1,  1,  1,  1,  1,  1,
        1, -1, -1,  1, -1,  1,  1,  1,  1, -1,  1, -1,  1,  1,  1]))
(array([2, 2, 3, 2, 2, 1, 1, 3, 1, 1, 1, 2, 1, 3, 3, 1, 2, 1, 1, 1, 2, 2,
       2, 1, 2, 3, 3, 3, 1, 1, 3, 1, 1, 1, 1, 1, 2, 1, 3, 1, 1, 1, 2, 2,
       1, 1, 3, 2, 2, 2, 1, 1, 2, 1, 1, 1, 1, 2, 1, 2, 1, 1, 1, 1, 3, 2,
       1]), array([-1,  1, -1,  1, -1, -1,  1,  1,  1,  1,  1,  1,  1,  1,  1,  1,  1,
        1,  1,  1,  1, -1,  1,  1,  1, -1,  1,  1,  1,  1,  1,  1,  1, -1,
        1,  1, -1,  1,  1,  1,  1,  1,  1,  1,  1,  1,  1,  1,  1,  1,  1,
        1, -1, -1,  1, -1,  1,  1,  1,  1, -1,  1, -1,  1,  1,  1,  1]))
(array([2, 2, 3, 2, 2, 1, 1, 3, 1, 1, 1, 2, 1, 3, 3, 1, 2, 1, 1, 1, 2, 2,
       2, 1, 2, 3, 3, 3, 1, 1, 3, 1, 1, 1, 1, 1, 2, 1, 3, 1, 1, 1, 2, 2,
       1, 1, 3, 2, 2, 2, 1, 1, 2, 1, 1, 1, 1, 2, 1, 2, 1, 1, 1, 1, 3, 2,
       1, 1]), array([-1,  1, -1,  1, -1, -1,  1,  1,  1,  1,  1,  1,  1,  1,  1,  1,  1,
        1,  1,  1,  1, -1,  1,  1,  1, -1,  1,  1,  1,  1,  1,  1,  1, -1,
        1,  1, -1,  1,  1,  1,  1,  1,  1,  1,  1,  1,  1,  1,  1,  1,  1,
        1, -1, -1,  1, -1,  1,  1,  1,  1, -1,  1, -1,  1,  1,  1,  1, -1]))
(array([2, 2, 3, 2, 2, 1, 1, 3, 1, 1, 1, 2, 1, 3, 3, 1, 2, 1, 1, 1, 2, 2,
       2, 1, 2, 3, 3, 3, 1, 1, 3, 1, 1, 1, 1, 1, 2, 1, 3, 1, 1, 1, 2, 2,
       1, 1, 3, 2, 2, 2, 1, 1, 2, 1, 1, 1, 1, 2, 1, 2, 1, 1, 1, 1, 3, 2,
       1, 1, 1]), array([-1,  1, -1,  1, -1, -1,  1,  1,  1,  1,  1,  1,  1,  1,  1,  1,  1,
        1,  1,  1,  1, -1,  1,  1,  1, -1,  1,  1,  1,  1,  1,  1,  1, -1,
        1,  1, -1,  1,  1,  1,  1,  1,  1,  1,  1,  1,  1,  1,  1,  1,  1,
        1, -1, -1,  1, -1,  1,  1,  1,  1, -1,  1, -1,  1,  1,  1,  1, -1,
        1]))
(array([2, 2, 3, 2, 2, 1, 1, 3, 1, 1, 1, 2, 1, 3, 3, 1, 2, 1, 1, 1, 2, 2,
       2, 1, 2, 3, 3, 3, 1, 1, 3, 1, 1, 1, 1, 1, 2, 1, 3, 1, 1, 1, 2, 2,
       1, 1, 3, 2, 2, 2, 1, 1, 2, 1, 1, 1, 1, 2, 1, 2, 1, 1, 1, 1, 3, 2,
       1, 1, 1, 1]), array([-1,  1, -1,  1, -1, -1,  1,  1,  1,  1,  1,  1,  1,  1,  1,  1,  1,
        1,  1,  1,  1, -1,  1,  1,  1, -1,  1,  1,  1,  1,  1,  1,  1, -1,
        1,  1, -1,  1,  1,  1,  1,  1,  1,  1,  1,  1,  1,  1,  1,  1,  1,
        1, -1, -1,  1, -1,  1,  1,  1,  1, -1,  1, -1,  1,  1,  1,  1, -1,
        1, -1]))
(array([2, 2, 3, 2, 2, 1, 1, 3, 1, 1, 1, 2, 1, 3, 3, 1, 2, 1, 1, 1, 2, 2,
       2, 1, 2, 3, 3, 3, 1, 1, 3, 1, 1, 1, 1, 1, 2, 1, 3, 1, 1, 1, 2, 2,
       1, 1, 3, 2, 2, 2, 1, 1, 2, 1, 1, 1, 1, 2, 1, 2, 1, 1, 1, 1, 3, 2,
       1, 1, 1, 1, 1]), array([-1,  1, -1,  1, -1, -1,  1,  1,  1,  1,  1,  1,  1,  1,  1,  1,  1,
        1,  1,  1,  1, -1,  1,  1,  1, -1,  1,  1,  1,  1,  1,  1,  1, -1,
        1,  1, -1,  1,  1,  1,  1,  1,  1,  1,  1,  1,  1,  1,  1,  1,  1,
        1, -1, -1,  1, -1,  1,  1,  1,  1, -1,  1, -1,  1,  1,  1,  1, -1,
        1, -1,  1]))
(array([2, 2, 3, 2, 2, 1, 1, 3, 1, 1, 1, 2, 1, 3, 3, 1, 2, 1, 1, 1, 2, 2,
       2, 1, 2, 3, 3, 3, 1, 1, 3, 1, 1, 1, 1, 1, 2, 1, 3, 1, 1, 1, 2, 2,
       1, 1, 3, 2, 2, 2, 1, 1, 2, 1, 1, 1, 1, 2, 1, 2, 1, 1, 1, 1, 3, 2,
       1, 1, 1, 1, 1, 2]), array([-1,  1, -1,  1, -1, -1,  1,  1,  1,  1,  1,  1,  1,  1,  1,  1,  1,
        1,  1,  1,  1, -1,  1,  1,  1, -1,  1,  1,  1,  1,  1,  1,  1, -1,
        1,  1, -1,  1,  1,  1,  1,  1,  1,  1,  1,  1,  1,  1,  1,  1,  1,
        1, -1, -1,  1, -1,  1,  1,  1,  1, -1,  1, -1,  1,  1,  1,  1, -1,
        1, -1,  1,  1]))
(array([2, 2, 3, 2, 2, 1, 1, 3, 1, 1, 1, 2, 1, 3, 3, 1, 2, 1, 1, 1, 2, 2,
       2, 1, 2, 3, 3, 3, 1, 1, 3, 1, 1, 1, 1, 1, 2, 1, 3, 1, 1, 1, 2, 2,
       1, 1, 3, 2, 2, 2, 1, 1, 2, 1, 1, 1, 1, 2, 1, 2, 1, 1, 1, 1, 3, 2,
       1, 1, 1, 1, 1, 2, 1]), array([-1,  1, -1,  1, -1, -1,  1,  1,  1,  1,  1,  1,  1,  1,  1,  1,  1,
        1,  1,  1,  1, -1,  1,  1,  1, -1,  1,  1,  1,  1,  1,  1,  1, -1,
        1,  1, -1,  1,  1,  1,  1,  1,  1,  1,  1,  1,  1,  1,  1,  1,  1,
        1, -1, -1,  1, -1,  1,  1,  1,  1, -1,  1, -1,  1,  1,  1,  1, -1,
        1, -1,  1,  1, -1]))
(array([2, 2, 3, 2, 2, 1, 1, 3, 1, 1, 1, 2, 1, 3, 3, 1, 2, 1, 1, 1, 2, 2,
       2, 1, 2, 3, 3, 3, 1, 1, 3, 1, 1, 1, 1, 1, 2, 1, 3, 1, 1, 1, 2, 2,
       1, 1, 3, 2, 2, 2, 1, 1, 2, 1, 1, 1, 1, 2, 1, 2, 1, 1, 1, 1, 3, 2,
       1, 1, 1, 1, 1, 2, 1, 1]), array([-1,  1, -1,  1, -1, -1,  1,  1,  1,  1,  1,  1,  1,  1,  1,  1,  1,
        1,  1,  1,  1, -1,  1,  1,  1, -1,  1,  1,  1,  1,  1,  1,  1, -1,
        1,  1, -1,  1,  1,  1,  1,  1,  1,  1,  1,  1,  1,  1,  1,  1,  1,
        1, -1, -1,  1, -1,  1,  1,  1,  1, -1,  1, -1,  1,  1,  1,  1, -1,
        1, -1,  1,  1, -1, -1]))
(array([2, 2, 3, 2, 2, 1, 1, 3, 1, 1, 1, 2, 1, 3, 3, 1, 2, 1, 1, 1, 2, 2,
       2, 1, 2, 3, 3, 3, 1, 1, 3, 1, 1, 1, 1, 1, 2, 1, 3, 1, 1, 1, 2, 2,
       1, 1, 3, 2, 2, 2, 1, 1, 2, 1, 1, 1, 1, 2, 1, 2, 1, 1, 1, 1, 3, 2,
       1, 1, 1, 1, 1, 2, 1, 1, 1]), array([-1,  1, -1,  1, -1, -1,  1,  1,  1,  1,  1,  1,  1,  1,  1,  1,  1,
        1,  1,  1,  1, -1,  1,  1,  1, -1,  1,  1,  1,  1,  1,  1,  1, -1,
        1,  1, -1,  1,  1,  1,  1,  1,  1,  1,  1,  1,  1,  1,  1,  1,  1,
        1, -1, -1,  1, -1,  1,  1,  1,  1, -1,  1, -1,  1,  1,  1,  1, -1,
        1, -1,  1,  1, -1, -1,  1]))
(array([2, 2, 3, 2, 2, 1, 1, 3, 1, 1, 1, 2, 1, 3, 3, 1, 2, 1, 1, 1, 2, 2,
       2, 1, 2, 3, 3, 3, 1, 1, 3, 1, 1, 1, 1, 1, 2, 1, 3, 1, 1, 1, 2, 2,
       1, 1, 3, 2, 2, 2, 1, 1, 2, 1, 1, 1, 1, 2, 1, 2, 1, 1, 1, 1, 3, 2,
       1, 1, 1, 1, 1, 2, 1, 1, 1, 1]), array([-1,  1, -1,  1, -1, -1,  1,  1,  1,  1,  1,  1,  1,  1,  1,  1,  1,
        1,  1,  1,  1, -1,  1,  1,  1, -1,  1,  1,  1,  1,  1,  1,  1, -1,
        1,  1, -1,  1,  1,  1,  1,  1,  1,  1,  1,  1,  1,  1,  1,  1,  1,
        1, -1, -1,  1, -1,  1,  1,  1,  1, -1,  1, -1,  1,  1,  1,  1, -1,
        1, -1,  1,  1, -1, -1,  1,  1]))
(array([2, 2, 3, 2, 2, 1, 1, 3, 1, 1, 1, 2, 1, 3, 3, 1, 2, 1, 1, 1, 2, 2,
       2, 1, 2, 3, 3, 3, 1, 1, 3, 1, 1, 1, 1, 1, 2, 1, 3, 1, 1, 1, 2, 2,
       1, 1, 3, 2, 2, 2, 1, 1, 2, 1, 1, 1, 1, 2, 1, 2, 1, 1, 1, 1, 3, 2,
       1, 1, 1, 1, 1, 2, 1, 1, 1, 1, 1]), array([-1,  1, -1,  1, -1, -1,  1,  1,  1,  1,  1,  1,  1,  1,  1,  1,  1,
        1,  1,  1,  1, -1,  1,  1,  1, -1,  1,  1,  1,  1,  1,  1,  1, -1,
        1,  1, -1,  1,  1,  1,  1,  1,  1,  1,  1,  1,  1,  1,  1,  1,  1,
        1, -1, -1,  1, -1,  1,  1,  1,  1, -1,  1, -1,  1,  1,  1,  1, -1,
        1, -1,  1,  1, -1, -1,  1,  1,  1]))
(array([2, 2, 3, 2, 2, 1, 1, 3, 1, 1, 1, 2, 1, 3, 3, 1, 2, 1, 1, 1, 2, 2,
       2, 1, 2, 3, 3, 3, 1, 1, 3, 1, 1, 1, 1, 1, 2, 1, 3, 1, 1, 1, 2, 2,
       1, 1, 3, 2, 2, 2, 1, 1, 2, 1, 1, 1, 1, 2, 1, 2, 1, 1, 1, 1, 3, 2,
       1, 1, 1, 1, 1, 2, 1, 1, 1, 1, 1, 1]), array([-1,  1, -1,  1, -1, -1,  1,  1,  1,  1,  1,  1,  1,  1,  1,  1,  1,
        1,  1,  1,  1, -1,  1,  1,  1, -1,  1,  1,  1,  1,  1,  1,  1, -1,
        1,  1, -1,  1,  1,  1,  1,  1,  1,  1,  1,  1,  1,  1,  1,  1,  1,
        1, -1, -1,  1, -1,  1,  1,  1,  1, -1,  1, -1,  1,  1,  1,  1, -1,
        1, -1,  1,  1, -1, -1,  1,  1,  1,  1]))
(array([2, 2, 3, 2, 2, 1, 1, 3, 1, 1, 1, 2, 1, 3, 3, 1, 2, 1, 1, 1, 2, 2,
       2, 1, 2, 3, 3, 3, 1, 1, 3, 1, 1, 1, 1, 1, 2, 1, 3, 1, 1, 1, 2, 2,
       1, 1, 3, 2, 2, 2, 1, 1, 2, 1, 1, 1, 1, 2, 1, 2, 1, 1, 1, 1, 3, 2,
       1, 1, 1, 1, 1, 2, 1, 1, 1, 1, 1, 1, 2]), array([-1,  1, -1,  1, -1, -1,  1,  1,  1,  1,  1,  1,  1,  1,  1,  1,  1,
        1,  1,  1,  1, -1,  1,  1,  1, -1,  1,  1,  1,  1,  1,  1,  1, -1,
        1,  1, -1,  1,  1,  1,  1,  1,  1,  1,  1,  1,  1,  1,  1,  1,  1,
        1, -1, -1,  1, -1,  1,  1,  1,  1, -1,  1, -1,  1,  1,  1,  1, -1,
        1, -1,  1,  1, -1, -1,  1,  1,  1,  1, -1]))
(array([2, 2, 3, 2, 2, 1, 1, 3, 1, 1, 1, 2, 1, 3, 3, 1, 2, 1, 1, 1, 2, 2,
       2, 1, 2, 3, 3, 3, 1, 1, 3, 1, 1, 1, 1, 1, 2, 1, 3, 1, 1, 1, 2, 2,
       1, 1, 3, 2, 2, 2, 1, 1, 2, 1, 1, 1, 1, 2, 1, 2, 1, 1, 1, 1, 3, 2,
       1, 1, 1, 1, 1, 2, 1, 1, 1, 1, 1, 1, 2, 1]), array([-1,  1, -1,  1, -1, -1,  1,  1,  1,  1,  1,  1,  1,  1,  1,  1,  1,
        1,  1,  1,  1, -1,  1,  1,  1, -1,  1,  1,  1,  1,  1,  1,  1, -1,
        1,  1, -1,  1,  1,  1,  1,  1,  1,  1,  1,  1,  1,  1,  1,  1,  1,
        1, -1, -1,  1, -1,  1,  1,  1,  1, -1,  1, -1,  1,  1,  1,  1, -1,
        1, -1,  1,  1, -1, -1,  1,  1,  1,  1, -1,  1]))
(array([2, 2, 3, 2, 2, 1, 1, 3, 1, 1, 1, 2, 1, 3, 3, 1, 2, 1, 1, 1, 2, 2,
       2, 1, 2, 3, 3, 3, 1, 1, 3, 1, 1, 1, 1, 1, 2, 1, 3, 1, 1, 1, 2, 2,
       1, 1, 3, 2, 2, 2, 1, 1, 2, 1, 1, 1, 1, 2, 1, 2, 1, 1, 1, 1, 3, 2,
       1, 1, 1, 1, 1, 2, 1, 1, 1, 1, 1, 1, 2, 1, 1]), array([-1,  1, -1,  1, -1, -1,  1,  1,  1,  1,  1,  1,  1,  1,  1,  1,  1,
        1,  1,  1,  1, -1,  1,  1,  1, -1,  1,  1,  1,  1,  1,  1,  1, -1,
        1,  1, -1,  1,  1,  1,  1,  1,  1,  1,  1,  1,  1,  1,  1,  1,  1,
        1, -1, -1,  1, -1,  1,  1,  1,  1, -1,  1, -1,  1,  1,  1,  1, -1,
        1, -1,  1,  1, -1, -1,  1,  1,  1,  1, -1,  1, -1]))
(array([2, 2, 3, 2, 2, 1, 1, 3, 1, 1, 1, 2, 1, 3, 3, 1, 2, 1, 1, 1, 2, 2,
       2, 1, 2, 3, 3, 3, 1, 1, 3, 1, 1, 1, 1, 1, 2, 1, 3, 1, 1, 1, 2, 2,
       1, 1, 3, 2, 2, 2, 1, 1, 2, 1, 1, 1, 1, 2, 1, 2, 1, 1, 1, 1, 3, 2,
       1, 1, 1, 1, 1, 2, 1, 1, 1, 1, 1, 1, 2, 1, 1, 2]), array([-1,  1, -1,  1, -1, -1,  1,  1,  1,  1,  1,  1,  1,  1,  1,  1,  1,
        1,  1,  1,  1, -1,  1,  1,  1, -1,  1,  1,  1,  1,  1,  1,  1, -1,
        1,  1, -1,  1,  1,  1,  1,  1,  1,  1,  1,  1,  1,  1,  1,  1,  1,
        1, -1, -1,  1, -1,  1,  1,  1,  1, -1,  1, -1,  1,  1,  1,  1, -1,
        1, -1,  1,  1, -1, -1,  1,  1,  1,  1, -1,  1, -1, -1]))
(array([2, 2, 3, 2, 2, 1, 1, 3, 1, 1, 1, 2, 1, 3, 3, 1, 2, 1, 1, 1, 2, 2,
       2, 1, 2, 3, 3, 3, 1, 1, 3, 1, 1, 1, 1, 1, 2, 1, 3, 1, 1, 1, 2, 2,
       1, 1, 3, 2, 2, 2, 1, 1, 2, 1, 1, 1, 1, 2, 1, 2, 1, 1, 1, 1, 3, 2,
       1, 1, 1, 1, 1, 2, 1, 1, 1, 1, 1, 1, 2, 1, 1, 2, 1]), array([-1,  1, -1,  1, -1, -1,  1,  1,  1,  1,  1,  1,  1,  1,  1,  1,  1,
        1,  1,  1,  1, -1,  1,  1,  1, -1,  1,  1,  1,  1,  1,  1,  1, -1,
        1,  1, -1,  1,  1,  1,  1,  1,  1,  1,  1,  1,  1,  1,  1,  1,  1,
        1, -1, -1,  1, -1,  1,  1,  1,  1, -1,  1, -1,  1,  1,  1,  1, -1,
        1, -1,  1,  1, -1, -1,  1,  1,  1,  1, -1,  1, -1, -1,  1]))
(array([2, 2, 3, 2, 2, 1, 1, 3, 1, 1, 1, 2, 1, 3, 3, 1, 2, 1, 1, 1, 2, 2,
       2, 1, 2, 3, 3, 3, 1, 1, 3, 1, 1, 1, 1, 1, 2, 1, 3, 1, 1, 1, 2, 2,
       1, 1, 3, 2, 2, 2, 1, 1, 2, 1, 1, 1, 1, 2, 1, 2, 1, 1, 1, 1, 3, 2,
       1, 1, 1, 1, 1, 2, 1, 1, 1, 1, 1, 1, 2, 1, 1, 2, 1, 2]), array([-1,  1, -1,  1, -1, -1,  1,  1,  1,  1,  1,  1,  1,  1,  1,  1,  1,
        1,  1,  1,  1, -1,  1,  1,  1, -1,  1,  1,  1,  1,  1,  1,  1, -1,
        1,  1, -1,  1,  1,  1,  1,  1,  1,  1,  1,  1,  1,  1,  1,  1,  1,
        1, -1, -1,  1, -1,  1,  1,  1,  1, -1,  1, -1,  1,  1,  1,  1, -1,
        1, -1,  1,  1, -1, -1,  1,  1,  1,  1, -1,  1, -1, -1,  1,  1]))
(array([2, 2, 3, 2, 2, 1, 1, 3, 1, 1, 1, 2, 1, 3, 3, 1, 2, 1, 1, 1, 2, 2,
       2, 1, 2, 3, 3, 3, 1, 1, 3, 1, 1, 1, 1, 1, 2, 1, 3, 1, 1, 1, 2, 2,
       1, 1, 3, 2, 2, 2, 1, 1, 2, 1, 1, 1, 1, 2, 1, 2, 1, 1, 1, 1, 3, 2,
       1, 1, 1, 1, 1, 2, 1, 1, 1, 1, 1, 1, 2, 1, 1, 2, 1, 2, 1]), array([-1,  1, -1,  1, -1, -1,  1,  1,  1,  1,  1,  1,  1,  1,  1,  1,  1,
        1,  1,  1,  1, -1,  1,  1,  1, -1,  1,  1,  1,  1,  1,  1,  1, -1,
        1,  1, -1,  1,  1,  1,  1,  1,  1,  1,  1,  1,  1,  1,  1,  1,  1,
        1, -1, -1,  1, -1,  1,  1,  1,  1, -1,  1, -1,  1,  1,  1,  1, -1,
        1, -1,  1,  1, -1, -1,  1,  1,  1,  1, -1,  1, -1, -1,  1,  1, -1]))
(array([2, 2, 3, 2, 2, 1, 1, 3, 1, 1, 1, 2, 1, 3, 3, 1, 2, 1, 1, 1, 2, 2,
       2, 1, 2, 3, 3, 3, 1, 1, 3, 1, 1, 1, 1, 1, 2, 1, 3, 1, 1, 1, 2, 2,
       1, 1, 3, 2, 2, 2, 1, 1, 2, 1, 1, 1, 1, 2, 1, 2, 1, 1, 1, 1, 3, 2,
       1, 1, 1, 1, 1, 2, 1, 1, 1, 1, 1, 1, 2, 1, 1, 2, 1, 2, 1, 1]), array([-1,  1, -1,  1, -1, -1,  1,  1,  1,  1,  1,  1,  1,  1,  1,  1,  1,
        1,  1,  1,  1, -1,  1,  1,  1, -1,  1,  1,  1,  1,  1,  1,  1, -1,
        1,  1, -1,  1,  1,  1,  1,  1,  1,  1,  1,  1,  1,  1,  1,  1,  1,
        1, -1, -1,  1, -1,  1,  1,  1,  1, -1,  1, -1,  1,  1,  1,  1, -1,
        1, -1,  1,  1, -1, -1,  1,  1,  1,  1, -1,  1, -1, -1,  1,  1, -1,
        1]))
(array([2, 2, 3, 2, 2, 1, 1, 3, 1, 1, 1, 2, 1, 3, 3, 1, 2, 1, 1, 1, 2, 2,
       2, 1, 2, 3, 3, 3, 1, 1, 3, 1, 1, 1, 1, 1, 2, 1, 3, 1, 1, 1, 2, 2,
       1, 1, 3, 2, 2, 2, 1, 1, 2, 1, 1, 1, 1, 2, 1, 2, 1, 1, 1, 1, 3, 2,
       1, 1, 1, 1, 1, 2, 1, 1, 1, 1, 1, 1, 2, 1, 1, 2, 1, 2, 1, 1, 1]), array([-1,  1, -1,  1, -1, -1,  1,  1,  1,  1,  1,  1,  1,  1,  1,  1,  1,
        1,  1,  1,  1, -1,  1,  1,  1, -1,  1,  1,  1,  1,  1,  1,  1, -1,
        1,  1, -1,  1,  1,  1,  1,  1,  1,  1,  1,  1,  1,  1,  1,  1,  1,
        1, -1, -1,  1, -1,  1,  1,  1,  1, -1,  1, -1,  1,  1,  1,  1, -1,
        1, -1,  1,  1, -1, -1,  1,  1,  1,  1, -1,  1, -1, -1,  1,  1, -1,
        1, -1]))
(array([2, 2, 3, 2, 2, 1, 1, 3, 1, 1, 1, 2, 1, 3, 3, 1, 2, 1, 1, 1, 2, 2,
       2, 1, 2, 3, 3, 3, 1, 1, 3, 1, 1, 1, 1, 1, 2, 1, 3, 1, 1, 1, 2, 2,
       1, 1, 3, 2, 2, 2, 1, 1, 2, 1, 1, 1, 1, 2, 1, 2, 1, 1, 1, 1, 3, 2,
       1, 1, 1, 1, 1, 2, 1, 1, 1, 1, 1, 1, 2, 1, 1, 2, 1, 2, 1, 1, 1, 2]), array([-1,  1, -1,  1, -1, -1,  1,  1,  1,  1,  1,  1,  1,  1,  1,  1,  1,
        1,  1,  1,  1, -1,  1,  1,  1, -1,  1,  1,  1,  1,  1,  1,  1, -1,
        1,  1, -1,  1,  1,  1,  1,  1,  1,  1,  1,  1,  1,  1,  1,  1,  1,
        1, -1, -1,  1, -1,  1,  1,  1,  1, -1,  1, -1,  1,  1,  1,  1, -1,
        1, -1,  1,  1, -1, -1,  1,  1,  1,  1, -1,  1, -1, -1,  1,  1, -1,
        1, -1,  1]))
(array([2, 2, 3, 2, 2, 1, 1, 3, 1, 1, 1, 2, 1, 3, 3, 1, 2, 1, 1, 1, 2, 2,
       2, 1, 2, 3, 3, 3, 1, 1, 3, 1, 1, 1, 1, 1, 2, 1, 3, 1, 1, 1, 2, 2,
       1, 1, 3, 2, 2, 2, 1, 1, 2, 1, 1, 1, 1, 2, 1, 2, 1, 1, 1, 1, 3, 2,
       1, 1, 1, 1, 1, 2, 1, 1, 1, 1, 1, 1, 2, 1, 1, 2, 1, 2, 1, 1, 1, 2,
       1]), array([-1,  1, -1,  1, -1, -1,  1,  1,  1,  1,  1,  1,  1,  1,  1,  1,  1,
        1,  1,  1,  1, -1,  1,  1,  1, -1,  1,  1,  1,  1,  1,  1,  1, -1,
        1,  1, -1,  1,  1,  1,  1,  1,  1,  1,  1,  1,  1,  1,  1,  1,  1,
        1, -1, -1,  1, -1,  1,  1,  1,  1, -1,  1, -1,  1,  1,  1,  1, -1,
        1, -1,  1,  1, -1, -1,  1,  1,  1,  1, -1,  1, -1, -1,  1,  1, -1,
        1, -1,  1,  1]))
(array([2, 2, 3, 2, 2, 1, 1, 3, 1, 1, 1, 2, 1, 3, 3, 1, 2, 1, 1, 1, 2, 2,
       2, 1, 2, 3, 3, 3, 1, 1, 3, 1, 1, 1, 1, 1, 2, 1, 3, 1, 1, 1, 2, 2,
       1, 1, 3, 2, 2, 2, 1, 1, 2, 1, 1, 1, 1, 2, 1, 2, 1, 1, 1, 1, 3, 2,
       1, 1, 1, 1, 1, 2, 1, 1, 1, 1, 1, 1, 2, 1, 1, 2, 1, 2, 1, 1, 1, 2,
       1, 1]), array([-1,  1, -1,  1, -1, -1,  1,  1,  1,  1,  1,  1,  1,  1,  1,  1,  1,
        1,  1,  1,  1, -1,  1,  1,  1, -1,  1,  1,  1,  1,  1,  1,  1, -1,
        1,  1, -1,  1,  1,  1,  1,  1,  1,  1,  1,  1,  1,  1,  1,  1,  1,
        1, -1, -1,  1, -1,  1,  1,  1,  1, -1,  1, -1,  1,  1,  1,  1, -1,
        1, -1,  1,  1, -1, -1,  1,  1,  1,  1, -1,  1, -1, -1,  1,  1, -1,
        1, -1,  1,  1, -1]))
(array([2, 2, 3, 2, 2, 1, 1, 3, 1, 1, 1, 2, 1, 3, 3, 1, 2, 1, 1, 1, 2, 2,
       2, 1, 2, 3, 3, 3, 1, 1, 3, 1, 1, 1, 1, 1, 2, 1, 3, 1, 1, 1, 2, 2,
       1, 1, 3, 2, 2, 2, 1, 1, 2, 1, 1, 1, 1, 2, 1, 2, 1, 1, 1, 1, 3, 2,
       1, 1, 1, 1, 1, 2, 1, 1, 1, 1, 1, 1, 2, 1, 1, 2, 1, 2, 1, 1, 1, 2,
       1, 1, 1]), array([-1,  1, -1,  1, -1, -1,  1,  1,  1,  1,  1,  1,  1,  1,  1,  1,  1,
        1,  1,  1,  1, -1,  1,  1,  1, -1,  1,  1,  1,  1,  1,  1,  1, -1,
        1,  1, -1,  1,  1,  1,  1,  1,  1,  1,  1,  1,  1,  1,  1,  1,  1,
        1, -1, -1,  1, -1,  1,  1,  1,  1, -1,  1, -1,  1,  1,  1,  1, -1,
        1, -1,  1,  1, -1, -1,  1,  1,  1,  1, -1,  1, -1, -1,  1,  1, -1,
        1, -1,  1,  1, -1,  1]))
(array([2, 2, 3, 2, 2, 1, 1, 3, 1, 1, 1, 2, 1, 3, 3, 1, 2, 1, 1, 1, 2, 2,
       2, 1, 2, 3, 3, 3, 1, 1, 3, 1, 1, 1, 1, 1, 2, 1, 3, 1, 1, 1, 2, 2,
       1, 1, 3, 2, 2, 2, 1, 1, 2, 1, 1, 1, 1, 2, 1, 2, 1, 1, 1, 1, 3, 2,
       1, 1, 1, 1, 1, 2, 1, 1, 1, 1, 1, 1, 2, 1, 1, 2, 1, 2, 1, 1, 1, 2,
       1, 1, 1, 1]), array([-1,  1, -1,  1, -1, -1,  1,  1,  1,  1,  1,  1,  1,  1,  1,  1,  1,
        1,  1,  1,  1, -1,  1,  1,  1, -1,  1,  1,  1,  1,  1,  1,  1, -1,
        1,  1, -1,  1,  1,  1,  1,  1,  1,  1,  1,  1,  1,  1,  1,  1,  1,
        1, -1, -1,  1, -1,  1,  1,  1,  1, -1,  1, -1,  1,  1,  1,  1, -1,
        1, -1,  1,  1, -1, -1,  1,  1,  1,  1, -1,  1, -1, -1,  1,  1, -1,
        1, -1,  1,  1, -1,  1,  1]))
(array([2, 2, 3, 2, 2, 1, 1, 3, 1, 1, 1, 2, 1, 3, 3, 1, 2, 1, 1, 1, 2, 2,
       2, 1, 2, 3, 3, 3, 1, 1, 3, 1, 1, 1, 1, 1, 2, 1, 3, 1, 1, 1, 2, 2,
       1, 1, 3, 2, 2, 2, 1, 1, 2, 1, 1, 1, 1, 2, 1, 2, 1, 1, 1, 1, 3, 2,
       1, 1, 1, 1, 1, 2, 1, 1, 1, 1, 1, 1, 2, 1, 1, 2, 1, 2, 1, 1, 1, 2,
       1, 1, 1, 1, 1]), array([-1,  1, -1,  1, -1, -1,  1,  1,  1,  1,  1,  1,  1,  1,  1,  1,  1,
        1,  1,  1,  1, -1,  1,  1,  1, -1,  1,  1,  1,  1,  1,  1,  1, -1,
        1,  1, -1,  1,  1,  1,  1,  1,  1,  1,  1,  1,  1,  1,  1,  1,  1,
        1, -1, -1,  1, -1,  1,  1,  1,  1, -1,  1, -1,  1,  1,  1,  1, -1,
        1, -1,  1,  1, -1, -1,  1,  1,  1,  1, -1,  1, -1, -1,  1,  1, -1,
        1, -1,  1,  1, -1,  1,  1, -1]))
(array([2, 2, 3, 2, 2, 1, 1, 3, 1, 1, 1, 2, 1, 3, 3, 1, 2, 1, 1, 1, 2, 2,
       2, 1, 2, 3, 3, 3, 1, 1, 3, 1, 1, 1, 1, 1, 2, 1, 3, 1, 1, 1, 2, 2,
       1, 1, 3, 2, 2, 2, 1, 1, 2, 1, 1, 1, 1, 2, 1, 2, 1, 1, 1, 1, 3, 2,
       1, 1, 1, 1, 1, 2, 1, 1, 1, 1, 1, 1, 2, 1, 1, 2, 1, 2, 1, 1, 1, 2,
       1, 1, 1, 1, 1, 1]), array([-1,  1, -1,  1, -1, -1,  1,  1,  1,  1,  1,  1,  1,  1,  1,  1,  1,
        1,  1,  1,  1, -1,  1,  1,  1, -1,  1,  1,  1,  1,  1,  1,  1, -1,
        1,  1, -1,  1,  1,  1,  1,  1,  1,  1,  1,  1,  1,  1,  1,  1,  1,
        1, -1, -1,  1, -1,  1,  1,  1,  1, -1,  1, -1,  1,  1,  1,  1, -1,
        1, -1,  1,  1, -1, -1,  1,  1,  1,  1, -1,  1, -1, -1,  1,  1, -1,
        1, -1,  1,  1, -1,  1,  1, -1,  1]))
(array([2, 2, 3, 2, 2, 1, 1, 3, 1, 1, 1, 2, 1, 3, 3, 1, 2, 1, 1, 1, 2, 2,
       2, 1, 2, 3, 3, 3, 1, 1, 3, 1, 1, 1, 1, 1, 2, 1, 3, 1, 1, 1, 2, 2,
       1, 1, 3, 2, 2, 2, 1, 1, 2, 1, 1, 1, 1, 2, 1, 2, 1, 1, 1, 1, 3, 2,
       1, 1, 1, 1, 1, 2, 1, 1, 1, 1, 1, 1, 2, 1, 1, 2, 1, 2, 1, 1, 1, 2,
       1, 1, 1, 1, 1, 1, 1]), array([-1,  1, -1,  1, -1, -1,  1,  1,  1,  1,  1,  1,  1,  1,  1,  1,  1,
        1,  1,  1,  1, -1,  1,  1,  1, -1,  1,  1,  1,  1,  1,  1,  1, -1,
        1,  1, -1,  1,  1,  1,  1,  1,  1,  1,  1,  1,  1,  1,  1,  1,  1,
        1, -1, -1,  1, -1,  1,  1,  1,  1, -1,  1, -1,  1,  1,  1,  1, -1,
        1, -1,  1,  1, -1, -1,  1,  1,  1,  1, -1,  1, -1, -1,  1,  1, -1,
        1, -1,  1,  1, -1,  1,  1, -1,  1,  1]))
(array([2, 2, 3, 2, 2, 1, 1, 3, 1, 1, 1, 2, 1, 3, 3, 1, 2, 1, 1, 1, 2, 2,
       2, 1, 2, 3, 3, 3, 1, 1, 3, 1, 1, 1, 1, 1, 2, 1, 3, 1, 1, 1, 2, 2,
       1, 1, 3, 2, 2, 2, 1, 1, 2, 1, 1, 1, 1, 2, 1, 2, 1, 1, 1, 1, 3, 2,
       1, 1, 1, 1, 1, 2, 1, 1, 1, 1, 1, 1, 2, 1, 1, 2, 1, 2, 1, 1, 1, 2,
       1, 1, 1, 1, 1, 1, 1, 1]), array([-1,  1, -1,  1, -1, -1,  1,  1,  1,  1,  1,  1,  1,  1,  1,  1,  1,
        1,  1,  1,  1, -1,  1,  1,  1, -1,  1,  1,  1,  1,  1,  1,  1, -1,
        1,  1, -1,  1,  1,  1,  1,  1,  1,  1,  1,  1,  1,  1,  1,  1,  1,
        1, -1, -1,  1, -1,  1,  1,  1,  1, -1,  1, -1,  1,  1,  1,  1, -1,
        1, -1,  1,  1, -1, -1,  1,  1,  1,  1, -1,  1, -1, -1,  1,  1, -1,
        1, -1,  1,  1, -1,  1,  1, -1,  1,  1,  1]))
(array([2, 2, 3, 2, 2, 1, 1, 3, 1, 1, 1, 2, 1, 3, 3, 1, 2, 1, 1, 1, 2, 2,
       2, 1, 2, 3, 3, 3, 1, 1, 3, 1, 1, 1, 1, 1, 2, 1, 3, 1, 1, 1, 2, 2,
       1, 1, 3, 2, 2, 2, 1, 1, 2, 1, 1, 1, 1, 2, 1, 2, 1, 1, 1, 1, 3, 2,
       1, 1, 1, 1, 1, 2, 1, 1, 1, 1, 1, 1, 2, 1, 1, 2, 1, 2, 1, 1, 1, 2,
       1, 1, 1, 1, 1, 1, 1, 1, 2]), array([-1,  1, -1,  1, -1, -1,  1,  1,  1,  1,  1,  1,  1,  1,  1,  1,  1,
        1,  1,  1,  1, -1,  1,  1,  1, -1,  1,  1,  1,  1,  1,  1,  1, -1,
        1,  1, -1,  1,  1,  1,  1,  1,  1,  1,  1,  1,  1,  1,  1,  1,  1,
        1, -1, -1,  1, -1,  1,  1,  1,  1, -1,  1, -1,  1,  1,  1,  1, -1,
        1, -1,  1,  1, -1, -1,  1,  1,  1,  1, -1,  1, -1, -1,  1,  1, -1,
        1, -1,  1,  1, -1,  1,  1, -1,  1,  1,  1,  1]))
(array([2, 2, 3, 2, 2, 1, 1, 3, 1, 1, 1, 2, 1, 3, 3, 1, 2, 1, 1, 1, 2, 2,
       2, 1, 2, 3, 3, 3, 1, 1, 3, 1, 1, 1, 1, 1, 2, 1, 3, 1, 1, 1, 2, 2,
       1, 1, 3, 2, 2, 2, 1, 1, 2, 1, 1, 1, 1, 2, 1, 2, 1, 1, 1, 1, 3, 2,
       1, 1, 1, 1, 1, 2, 1, 1, 1, 1, 1, 1, 2, 1, 1, 2, 1, 2, 1, 1, 1, 2,
       1, 1, 1, 1, 1, 1, 1, 1, 2, 3]), array([-1,  1, -1,  1, -1, -1,  1,  1,  1,  1,  1,  1,  1,  1,  1,  1,  1,
        1,  1,  1,  1, -1,  1,  1,  1, -1,  1,  1,  1,  1,  1,  1,  1, -1,
        1,  1, -1,  1,  1,  1,  1,  1,  1,  1,  1,  1,  1,  1,  1,  1,  1,
        1, -1, -1,  1, -1,  1,  1,  1,  1, -1,  1, -1,  1,  1,  1,  1, -1,
        1, -1,  1,  1, -1, -1,  1,  1,  1,  1, -1,  1, -1, -1,  1,  1, -1,
        1, -1,  1,  1, -1,  1,  1, -1,  1,  1,  1,  1, -1]))
(array([2, 2, 3, 2, 2, 1, 1, 3, 1, 1, 1, 2, 1, 3, 3, 1, 2, 1, 1, 1, 2, 2,
       2, 1, 2, 3, 3, 3, 1, 1, 3, 1, 1, 1, 1, 1, 2, 1, 3, 1, 1, 1, 2, 2,
       1, 1, 3, 2, 2, 2, 1, 1, 2, 1, 1, 1, 1, 2, 1, 2, 1, 1, 1, 1, 3, 2,
       1, 1, 1, 1, 1, 2, 1, 1, 1, 1, 1, 1, 2, 1, 1, 2, 1, 2, 1, 1, 1, 2,
       1, 1, 1, 1, 1, 1, 1, 1, 2, 3, 1]), array([-1,  1, -1,  1, -1, -1,  1,  1,  1,  1,  1,  1,  1,  1,  1,  1,  1,
        1,  1,  1,  1, -1,  1,  1,  1, -1,  1,  1,  1,  1,  1,  1,  1, -1,
        1,  1, -1,  1,  1,  1,  1,  1,  1,  1,  1,  1,  1,  1,  1,  1,  1,
        1, -1, -1,  1, -1,  1,  1,  1,  1, -1,  1, -1,  1,  1,  1,  1, -1,
        1, -1,  1,  1, -1, -1,  1,  1,  1,  1, -1,  1, -1, -1,  1,  1, -1,
        1, -1,  1,  1, -1,  1,  1, -1,  1,  1,  1,  1, -1,  1]))
(array([2, 2, 3, 2, 2, 1, 1, 3, 1, 1, 1, 2, 1, 3, 3, 1, 2, 1, 1, 1, 2, 2,
       2, 1, 2, 3, 3, 3, 1, 1, 3, 1, 1, 1, 1, 1, 2, 1, 3, 1, 1, 1, 2, 2,
       1, 1, 3, 2, 2, 2, 1, 1, 2, 1, 1, 1, 1, 2, 1, 2, 1, 1, 1, 1, 3, 2,
       1, 1, 1, 1, 1, 2, 1, 1, 1, 1, 1, 1, 2, 1, 1, 2, 1, 2, 1, 1, 1, 2,
       1, 1, 1, 1, 1, 1, 1, 1, 2, 3, 1, 1]), array([-1,  1, -1,  1, -1, -1,  1,  1,  1,  1,  1,  1,  1,  1,  1,  1,  1,
        1,  1,  1,  1, -1,  1,  1,  1, -1,  1,  1,  1,  1,  1,  1,  1, -1,
        1,  1, -1,  1,  1,  1,  1,  1,  1,  1,  1,  1,  1,  1,  1,  1,  1,
        1, -1, -1,  1, -1,  1,  1,  1,  1, -1,  1, -1,  1,  1,  1,  1, -1,
        1, -1,  1,  1, -1, -1,  1,  1,  1,  1, -1,  1, -1, -1,  1,  1, -1,
        1, -1,  1,  1, -1,  1,  1, -1,  1,  1,  1,  1, -1,  1,  1]))
(array([2, 2, 3, 2, 2, 1, 1, 3, 1, 1, 1, 2, 1, 3, 3, 1, 2, 1, 1, 1, 2, 2,
       2, 1, 2, 3, 3, 3, 1, 1, 3, 1, 1, 1, 1, 1, 2, 1, 3, 1, 1, 1, 2, 2,
       1, 1, 3, 2, 2, 2, 1, 1, 2, 1, 1, 1, 1, 2, 1, 2, 1, 1, 1, 1, 3, 2,
       1, 1, 1, 1, 1, 2, 1, 1, 1, 1, 1, 1, 2, 1, 1, 2, 1, 2, 1, 1, 1, 2,
       1, 1, 1, 1, 1, 1, 1, 1, 2, 3, 1, 1, 2]), array([-1,  1, -1,  1, -1, -1,  1,  1,  1,  1,  1,  1,  1,  1,  1,  1,  1,
        1,  1,  1,  1, -1,  1,  1,  1, -1,  1,  1,  1,  1,  1,  1,  1, -1,
        1,  1, -1,  1,  1,  1,  1,  1,  1,  1,  1,  1,  1,  1,  1,  1,  1,
        1, -1, -1,  1, -1,  1,  1,  1,  1, -1,  1, -1,  1,  1,  1,  1, -1,
        1, -1,  1,  1, -1, -1,  1,  1,  1,  1, -1,  1, -1, -1,  1,  1, -1,
        1, -1,  1,  1, -1,  1,  1, -1,  1,  1,  1,  1, -1,  1,  1,  1]))
FDTC of word 0: 0
FDTC of word 1: 0
FDTC of word 2: 0
FDTC of word 3: 0
FDTC of word 4: 0
FDTC of word 5: 0
FDTC of word 6: 0
FDTC of word 7: 0
FDTC of word 8: 0
FDTC of word 9: 0
FDTC of word 10: 0
FDTC of word 11: 0
FDTC of word 12: 0
FDTC of word 13: 1/2
FDTC of word 14: 1/2
FDTC of word 15: 1/2
FDTC of word 16: 1
FDTC of word 17: 1
FDTC of word 18: 1
FDTC of word 19: 1
FDTC of word 20: 1
FDTC of word 21: 1
FDTC of word 22: 1
FDTC of word 23: 1
FDTC of word 24: 1
FDTC of word 25: 1
FDTC of word 26: 1
FDTC of word 27: 1
FDTC of word 28: 1
FDTC of word 29: 1
FDTC of word 30: 1
FDTC of word 31: 1
FDTC of word 32: 1
FDTC of word 33: 1
FDTC of word 34: 1
FDTC of word 35: 1
FDTC of word 36: 1
FDTC of word 37: 1
FDTC of word 38: 1
FDTC of word 39: 1
FDTC of word 40: 1
FDTC of word 41: 1
FDTC of word 42: 2
FDTC of word 43: 2
FDTC of word 44: 2
FDTC of word 45: 2
FDTC of word 46: 2
FDTC of word 47: 2
FDTC of word 48: 2
FDTC of word 49: 2
FDTC of word 50: 2
FDTC of word 51: 2
FDTC of word 52: 2
FDTC of word 53: 2
FDTC of word 54: 2
FDTC of word 55: 2
FDTC of word 56: 2
FDTC of word 57: 2
FDTC of word 58: 2
FDTC of word 59: 2
FDTC of word 60: 2
FDTC of word 61: 2
FDTC of word 62: 2
FDTC of word 63: 2
FDTC of word 64: 2
FDTC of word 65: 3
FDTC of word 66: 3
FDTC of word 67: 3
FDTC of word 68: 3
FDTC of word 69: 3
FDTC of word 70: 3
FDTC of word 71: 3
FDTC of word 72: 3
FDTC of word 73: 3
FDTC of word 74: 3
FDTC of word 75: 3
FDTC of word 76: 3
FDTC of word 77: 3
FDTC of word 78: 3
FDTC of word 79: 3
FDTC of word 80: 3
FDTC of word 81: 3
FDTC of word 82: 3
FDTC of word 83: 3
FDTC of word 84: 3
FDTC of word 85: 3
FDTC of word 86: 3
FDTC of word 87: 3
FDTC of word 88: 3
FDTC of word 89: 3
FDTC of word 90: 3
FDTC of word 91: 3
FDTC of word 92: 3
FDTC of word 93: 3
FDTC of word 94: 3
FDTC of word 95: 3
FDTC of word 96: 3
FDTC of word 97: 3
FDTC of word 98: 3
FDTC of word 99: 3
FDTC of word 100: 3
====FREQUENCY TABLE======
For Uniform distribution, in B_4 we have:
0      97.0%
1/2     3.0%
Name: Fractional parts, dtype: object
====TRANSITION FREQUENCY TABLE======
For Uniform distribution, in B_4 we have:
(0, 0)        96.0%
(1/2, 1/2)     2.0%
(0, 1/2)       1.0%
(1/2, 0)       1.0%
Name: Transitions, dtype: object
