(array([2]), array([1]))
(array([2, 2]), array([1, 1]))
(array([2, 2, 3]), array([1, 1, 1]))
(array([2, 2, 3, 1]), array([1, 1, 1, 1]))
(array([2, 2, 3, 1, 2]), array([1, 1, 1, 1, 1]))
(array([2, 2, 3, 1, 2, 2]), array([1, 1, 1, 1, 1, 1]))
(array([2, 2, 3, 1, 2, 2, 2]), array([1, 1, 1, 1, 1, 1, 1]))
(array([2, 2, 3, 1, 2, 2, 2, 3]), array([1, 1, 1, 1, 1, 1, 1, 1]))
(array([2, 2, 3, 1, 2, 2, 2, 3, 1]), array([1, 1, 1, 1, 1, 1, 1, 1, 1]))
(array([2, 2, 3, 1, 2, 2, 2, 3, 1, 2]), array([1, 1, 1, 1, 1, 1, 1, 1, 1, 1]))
(array([2, 2, 3, 1, 2, 2, 2, 3, 1, 2, 3]), array([1, 1, 1, 1, 1, 1, 1, 1, 1, 1, 1]))
(array([2, 2, 3, 1, 2, 2, 2, 3, 1, 2, 3, 2]), array([1, 1, 1, 1, 1, 1, 1, 1, 1, 1, 1, 1]))
(array([2, 2, 3, 1, 2, 2, 2, 3, 1, 2, 3, 2, 2]), array([1, 1, 1, 1, 1, 1, 1, 1, 1, 1, 1, 1, 1]))
(array([2, 2, 3, 1, 2, 2, 2, 3, 1, 2, 3, 2, 2, 3]), array([1, 1, 1, 1, 1, 1, 1, 1, 1, 1, 1, 1, 1, 1]))
(array([2, 2, 3, 1, 2, 2, 2, 3, 1, 2, 3, 2, 2, 3, 2]), array([1, 1, 1, 1, 1, 1, 1, 1, 1, 1, 1, 1, 1, 1, 1]))
(array([2, 2, 3, 1, 2, 2, 2, 3, 1, 2, 3, 2, 2, 3, 2, 2]), array([1, 1, 1, 1, 1, 1, 1, 1, 1, 1, 1, 1, 1, 1, 1, 1]))
(array([2, 2, 3, 1, 2, 2, 2, 3, 1, 2, 3, 2, 2, 3, 2, 2, 3]), array([1, 1, 1, 1, 1, 1, 1, 1, 1, 1, 1, 1, 1, 1, 1, 1, 1]))
(array([2, 2, 3, 1, 2, 2, 2, 3, 1, 2, 3, 2, 2, 3, 2, 2, 3, 3]), array([1, 1, 1, 1, 1, 1, 1, 1, 1, 1, 1, 1, 1, 1, 1, 1, 1, 1]))
(array([2, 2, 3, 1, 2, 2, 2, 3, 1, 2, 3, 2, 2, 3, 2, 2, 3, 3, 3]), array([1, 1, 1, 1, 1, 1, 1, 1, 1, 1, 1, 1, 1, 1, 1, 1, 1, 1, 1]))
(array([2, 2, 3, 1, 2, 2, 2, 3, 1, 2, 3, 2, 2, 3, 2, 2, 3, 3, 3, 3]), array([1, 1, 1, 1, 1, 1, 1, 1, 1, 1, 1, 1, 1, 1, 1, 1, 1, 1, 1, 1]))
(array([2, 2, 3, 1, 2, 2, 2, 3, 1, 2, 3, 2, 2, 3, 2, 2, 3, 3, 3, 3, 2]), array([1, 1, 1, 1, 1, 1, 1, 1, 1, 1, 1, 1, 1, 1, 1, 1, 1, 1, 1, 1, 1]))
(array([2, 2, 3, 1, 2, 2, 2, 3, 1, 2, 3, 2, 2, 3, 2, 2, 3, 3, 3, 3, 2, 2]), array([1, 1, 1, 1, 1, 1, 1, 1, 1, 1, 1, 1, 1, 1, 1, 1, 1, 1, 1, 1, 1, 1]))
(array([2, 2, 3, 1, 2, 2, 2, 3, 1, 2, 3, 2, 2, 3, 2, 2, 3, 3, 3, 3, 2, 2,
       2]), array([1, 1, 1, 1, 1, 1, 1, 1, 1, 1, 1, 1, 1, 1, 1, 1, 1, 1, 1, 1, 1, 1,
       1]))
(array([2, 2, 3, 1, 2, 2, 2, 3, 1, 2, 3, 2, 2, 3, 2, 2, 3, 3, 3, 3, 2, 2,
       2, 3]), array([1, 1, 1, 1, 1, 1, 1, 1, 1, 1, 1, 1, 1, 1, 1, 1, 1, 1, 1, 1, 1, 1,
       1, 1]))
(array([2, 2, 3, 1, 2, 2, 2, 3, 1, 2, 3, 2, 2, 3, 2, 2, 3, 3, 3, 3, 2, 2,
       2, 3, 2]), array([1, 1, 1, 1, 1, 1, 1, 1, 1, 1, 1, 1, 1, 1, 1, 1, 1, 1, 1, 1, 1, 1,
       1, 1, 1]))
(array([2, 2, 3, 1, 2, 2, 2, 3, 1, 2, 3, 2, 2, 3, 2, 2, 3, 3, 3, 3, 2, 2,
       2, 3, 2, 1]), array([1, 1, 1, 1, 1, 1, 1, 1, 1, 1, 1, 1, 1, 1, 1, 1, 1, 1, 1, 1, 1, 1,
       1, 1, 1, 1]))
(array([2, 2, 3, 1, 2, 2, 2, 3, 1, 2, 3, 2, 2, 3, 2, 2, 3, 3, 3, 3, 2, 2,
       2, 3, 2, 1, 2]), array([1, 1, 1, 1, 1, 1, 1, 1, 1, 1, 1, 1, 1, 1, 1, 1, 1, 1, 1, 1, 1, 1,
       1, 1, 1, 1, 1]))
(array([2, 2, 3, 1, 2, 2, 2, 3, 1, 2, 3, 2, 2, 3, 2, 2, 3, 3, 3, 3, 2, 2,
       2, 3, 2, 1, 2, 2]), array([1, 1, 1, 1, 1, 1, 1, 1, 1, 1, 1, 1, 1, 1, 1, 1, 1, 1, 1, 1, 1, 1,
       1, 1, 1, 1, 1, 1]))
(array([2, 2, 3, 1, 2, 2, 2, 3, 1, 2, 3, 2, 2, 3, 2, 2, 3, 3, 3, 3, 2, 2,
       2, 3, 2, 1, 2, 2, 3]), array([1, 1, 1, 1, 1, 1, 1, 1, 1, 1, 1, 1, 1, 1, 1, 1, 1, 1, 1, 1, 1, 1,
       1, 1, 1, 1, 1, 1, 1]))
(array([2, 2, 3, 1, 2, 2, 2, 3, 1, 2, 3, 2, 2, 3, 2, 2, 3, 3, 3, 3, 2, 2,
       2, 3, 2, 1, 2, 2, 3, 1]), array([1, 1, 1, 1, 1, 1, 1, 1, 1, 1, 1, 1, 1, 1, 1, 1, 1, 1, 1, 1, 1, 1,
       1, 1, 1, 1, 1, 1, 1, 1]))
(array([2, 2, 3, 1, 2, 2, 2, 3, 1, 2, 3, 2, 2, 3, 2, 2, 3, 3, 3, 3, 2, 2,
       2, 3, 2, 1, 2, 2, 3, 1, 3]), array([1, 1, 1, 1, 1, 1, 1, 1, 1, 1, 1, 1, 1, 1, 1, 1, 1, 1, 1, 1, 1, 1,
       1, 1, 1, 1, 1, 1, 1, 1, 1]))
(array([2, 2, 3, 1, 2, 2, 2, 3, 1, 2, 3, 2, 2, 3, 2, 2, 3, 3, 3, 3, 2, 2,
       2, 3, 2, 1, 2, 2, 3, 1, 3, 2]), array([1, 1, 1, 1, 1, 1, 1, 1, 1, 1, 1, 1, 1, 1, 1, 1, 1, 1, 1, 1, 1, 1,
       1, 1, 1, 1, 1, 1, 1, 1, 1, 1]))
(array([2, 2, 3, 1, 2, 2, 2, 3, 1, 2, 3, 2, 2, 3, 2, 2, 3, 3, 3, 3, 2, 2,
       2, 3, 2, 1, 2, 2, 3, 1, 3, 2, 1]), array([1, 1, 1, 1, 1, 1, 1, 1, 1, 1, 1, 1, 1, 1, 1, 1, 1, 1, 1, 1, 1, 1,
       1, 1, 1, 1, 1, 1, 1, 1, 1, 1, 1]))
(array([2, 2, 3, 1, 2, 2, 2, 3, 1, 2, 3, 2, 2, 3, 2, 2, 3, 3, 3, 3, 2, 2,
       2, 3, 2, 1, 2, 2, 3, 1, 3, 2, 1, 3]), array([1, 1, 1, 1, 1, 1, 1, 1, 1, 1, 1, 1, 1, 1, 1, 1, 1, 1, 1, 1, 1, 1,
       1, 1, 1, 1, 1, 1, 1, 1, 1, 1, 1, 1]))
(array([2, 2, 3, 1, 2, 2, 2, 3, 1, 2, 3, 2, 2, 3, 2, 2, 3, 3, 3, 3, 2, 2,
       2, 3, 2, 1, 2, 2, 3, 1, 3, 2, 1, 3, 3]), array([1, 1, 1, 1, 1, 1, 1, 1, 1, 1, 1, 1, 1, 1, 1, 1, 1, 1, 1, 1, 1, 1,
       1, 1, 1, 1, 1, 1, 1, 1, 1, 1, 1, 1, 1]))
(array([2, 2, 3, 1, 2, 2, 2, 3, 1, 2, 3, 2, 2, 3, 2, 2, 3, 3, 3, 3, 2, 2,
       2, 3, 2, 1, 2, 2, 3, 1, 3, 2, 1, 3, 3, 3]), array([1, 1, 1, 1, 1, 1, 1, 1, 1, 1, 1, 1, 1, 1, 1, 1, 1, 1, 1, 1, 1, 1,
       1, 1, 1, 1, 1, 1, 1, 1, 1, 1, 1, 1, 1, 1]))
(array([2, 2, 3, 1, 2, 2, 2, 3, 1, 2, 3, 2, 2, 3, 2, 2, 3, 3, 3, 3, 2, 2,
       2, 3, 2, 1, 2, 2, 3, 1, 3, 2, 1, 3, 3, 3, 3]), array([1, 1, 1, 1, 1, 1, 1, 1, 1, 1, 1, 1, 1, 1, 1, 1, 1, 1, 1, 1, 1, 1,
       1, 1, 1, 1, 1, 1, 1, 1, 1, 1, 1, 1, 1, 1, 1]))
(array([2, 2, 3, 1, 2, 2, 2, 3, 1, 2, 3, 2, 2, 3, 2, 2, 3, 3, 3, 3, 2, 2,
       2, 3, 2, 1, 2, 2, 3, 1, 3, 2, 1, 3, 3, 3, 3, 1]), array([1, 1, 1, 1, 1, 1, 1, 1, 1, 1, 1, 1, 1, 1, 1, 1, 1, 1, 1, 1, 1, 1,
       1, 1, 1, 1, 1, 1, 1, 1, 1, 1, 1, 1, 1, 1, 1, 1]))
(array([2, 2, 3, 1, 2, 2, 2, 3, 1, 2, 3, 2, 2, 3, 2, 2, 3, 3, 3, 3, 2, 2,
       2, 3, 2, 1, 2, 2, 3, 1, 3, 2, 1, 3, 3, 3, 3, 1, 1]), array([1, 1, 1, 1, 1, 1, 1, 1, 1, 1, 1, 1, 1, 1, 1, 1, 1, 1, 1, 1, 1, 1,
       1, 1, 1, 1, 1, 1, 1, 1, 1, 1, 1, 1, 1, 1, 1, 1, 1]))
(array([2, 2, 3, 1, 2, 2, 2, 3, 1, 2, 3, 2, 2, 3, 2, 2, 3, 3, 3, 3, 2, 2,
       2, 3, 2, 1, 2, 2, 3, 1, 3, 2, 1, 3, 3, 3, 3, 1, 1, 1]), array([1, 1, 1, 1, 1, 1, 1, 1, 1, 1, 1, 1, 1, 1, 1, 1, 1, 1, 1, 1, 1, 1,
       1, 1, 1, 1, 1, 1, 1, 1, 1, 1, 1, 1, 1, 1, 1, 1, 1, 1]))
(array([2, 2, 3, 1, 2, 2, 2, 3, 1, 2, 3, 2, 2, 3, 2, 2, 3, 3, 3, 3, 2, 2,
       2, 3, 2, 1, 2, 2, 3, 1, 3, 2, 1, 3, 3, 3, 3, 1, 1, 1, 3]), array([1, 1, 1, 1, 1, 1, 1, 1, 1, 1, 1, 1, 1, 1, 1, 1, 1, 1, 1, 1, 1, 1,
       1, 1, 1, 1, 1, 1, 1, 1, 1, 1, 1, 1, 1, 1, 1, 1, 1, 1, 1]))
(array([2, 2, 3, 1, 2, 2, 2, 3, 1, 2, 3, 2, 2, 3, 2, 2, 3, 3, 3, 3, 2, 2,
       2, 3, 2, 1, 2, 2, 3, 1, 3, 2, 1, 3, 3, 3, 3, 1, 1, 1, 3, 2]), array([1, 1, 1, 1, 1, 1, 1, 1, 1, 1, 1, 1, 1, 1, 1, 1, 1, 1, 1, 1, 1, 1,
       1, 1, 1, 1, 1, 1, 1, 1, 1, 1, 1, 1, 1, 1, 1, 1, 1, 1, 1, 1]))
(array([2, 2, 3, 1, 2, 2, 2, 3, 1, 2, 3, 2, 2, 3, 2, 2, 3, 3, 3, 3, 2, 2,
       2, 3, 2, 1, 2, 2, 3, 1, 3, 2, 1, 3, 3, 3, 3, 1, 1, 1, 3, 2, 1]), array([1, 1, 1, 1, 1, 1, 1, 1, 1, 1, 1, 1, 1, 1, 1, 1, 1, 1, 1, 1, 1, 1,
       1, 1, 1, 1, 1, 1, 1, 1, 1, 1, 1, 1, 1, 1, 1, 1, 1, 1, 1, 1, 1]))
(array([2, 2, 3, 1, 2, 2, 2, 3, 1, 2, 3, 2, 2, 3, 2, 2, 3, 3, 3, 3, 2, 2,
       2, 3, 2, 1, 2, 2, 3, 1, 3, 2, 1, 3, 3, 3, 3, 1, 1, 1, 3, 2, 1, 3]), array([1, 1, 1, 1, 1, 1, 1, 1, 1, 1, 1, 1, 1, 1, 1, 1, 1, 1, 1, 1, 1, 1,
       1, 1, 1, 1, 1, 1, 1, 1, 1, 1, 1, 1, 1, 1, 1, 1, 1, 1, 1, 1, 1, 1]))
(array([2, 2, 3, 1, 2, 2, 2, 3, 1, 2, 3, 2, 2, 3, 2, 2, 3, 3, 3, 3, 2, 2,
       2, 3, 2, 1, 2, 2, 3, 1, 3, 2, 1, 3, 3, 3, 3, 1, 1, 1, 3, 2, 1, 3,
       2]), array([1, 1, 1, 1, 1, 1, 1, 1, 1, 1, 1, 1, 1, 1, 1, 1, 1, 1, 1, 1, 1, 1,
       1, 1, 1, 1, 1, 1, 1, 1, 1, 1, 1, 1, 1, 1, 1, 1, 1, 1, 1, 1, 1, 1,
       1]))
(array([2, 2, 3, 1, 2, 2, 2, 3, 1, 2, 3, 2, 2, 3, 2, 2, 3, 3, 3, 3, 2, 2,
       2, 3, 2, 1, 2, 2, 3, 1, 3, 2, 1, 3, 3, 3, 3, 1, 1, 1, 3, 2, 1, 3,
       2, 3]), array([1, 1, 1, 1, 1, 1, 1, 1, 1, 1, 1, 1, 1, 1, 1, 1, 1, 1, 1, 1, 1, 1,
       1, 1, 1, 1, 1, 1, 1, 1, 1, 1, 1, 1, 1, 1, 1, 1, 1, 1, 1, 1, 1, 1,
       1, 1]))
(array([2, 2, 3, 1, 2, 2, 2, 3, 1, 2, 3, 2, 2, 3, 2, 2, 3, 3, 3, 3, 2, 2,
       2, 3, 2, 1, 2, 2, 3, 1, 3, 2, 1, 3, 3, 3, 3, 1, 1, 1, 3, 2, 1, 3,
       2, 3, 3]), array([1, 1, 1, 1, 1, 1, 1, 1, 1, 1, 1, 1, 1, 1, 1, 1, 1, 1, 1, 1, 1, 1,
       1, 1, 1, 1, 1, 1, 1, 1, 1, 1, 1, 1, 1, 1, 1, 1, 1, 1, 1, 1, 1, 1,
       1, 1, 1]))
(array([2, 2, 3, 1, 2, 2, 2, 3, 1, 2, 3, 2, 2, 3, 2, 2, 3, 3, 3, 3, 2, 2,
       2, 3, 2, 1, 2, 2, 3, 1, 3, 2, 1, 3, 3, 3, 3, 1, 1, 1, 3, 2, 1, 3,
       2, 3, 3, 3]), array([1, 1, 1, 1, 1, 1, 1, 1, 1, 1, 1, 1, 1, 1, 1, 1, 1, 1, 1, 1, 1, 1,
       1, 1, 1, 1, 1, 1, 1, 1, 1, 1, 1, 1, 1, 1, 1, 1, 1, 1, 1, 1, 1, 1,
       1, 1, 1, 1]))
(array([2, 2, 3, 1, 2, 2, 2, 3, 1, 2, 3, 2, 2, 3, 2, 2, 3, 3, 3, 3, 2, 2,
       2, 3, 2, 1, 2, 2, 3, 1, 3, 2, 1, 3, 3, 3, 3, 1, 1, 1, 3, 2, 1, 3,
       2, 3, 3, 3, 2]), array([1, 1, 1, 1, 1, 1, 1, 1, 1, 1, 1, 1, 1, 1, 1, 1, 1, 1, 1, 1, 1, 1,
       1, 1, 1, 1, 1, 1, 1, 1, 1, 1, 1, 1, 1, 1, 1, 1, 1, 1, 1, 1, 1, 1,
       1, 1, 1, 1, 1]))
(array([2, 2, 3, 1, 2, 2, 2, 3, 1, 2, 3, 2, 2, 3, 2, 2, 3, 3, 3, 3, 2, 2,
       2, 3, 2, 1, 2, 2, 3, 1, 3, 2, 1, 3, 3, 3, 3, 1, 1, 1, 3, 2, 1, 3,
       2, 3, 3, 3, 2, 3]), array([1, 1, 1, 1, 1, 1, 1, 1, 1, 1, 1, 1, 1, 1, 1, 1, 1, 1, 1, 1, 1, 1,
       1, 1, 1, 1, 1, 1, 1, 1, 1, 1, 1, 1, 1, 1, 1, 1, 1, 1, 1, 1, 1, 1,
       1, 1, 1, 1, 1, 1]))
(array([2, 2, 3, 1, 2, 2, 2, 3, 1, 2, 3, 2, 2, 3, 2, 2, 3, 3, 3, 3, 2, 2,
       2, 3, 2, 1, 2, 2, 3, 1, 3, 2, 1, 3, 3, 3, 3, 1, 1, 1, 3, 2, 1, 3,
       2, 3, 3, 3, 2, 3, 2]), array([1, 1, 1, 1, 1, 1, 1, 1, 1, 1, 1, 1, 1, 1, 1, 1, 1, 1, 1, 1, 1, 1,
       1, 1, 1, 1, 1, 1, 1, 1, 1, 1, 1, 1, 1, 1, 1, 1, 1, 1, 1, 1, 1, 1,
       1, 1, 1, 1, 1, 1, 1]))
(array([2, 2, 3, 1, 2, 2, 2, 3, 1, 2, 3, 2, 2, 3, 2, 2, 3, 3, 3, 3, 2, 2,
       2, 3, 2, 1, 2, 2, 3, 1, 3, 2, 1, 3, 3, 3, 3, 1, 1, 1, 3, 2, 1, 3,
       2, 3, 3, 3, 2, 3, 2, 3]), array([1, 1, 1, 1, 1, 1, 1, 1, 1, 1, 1, 1, 1, 1, 1, 1, 1, 1, 1, 1, 1, 1,
       1, 1, 1, 1, 1, 1, 1, 1, 1, 1, 1, 1, 1, 1, 1, 1, 1, 1, 1, 1, 1, 1,
       1, 1, 1, 1, 1, 1, 1, 1]))
(array([2, 2, 3, 1, 2, 2, 2, 3, 1, 2, 3, 2, 2, 3, 2, 2, 3, 3, 3, 3, 2, 2,
       2, 3, 2, 1, 2, 2, 3, 1, 3, 2, 1, 3, 3, 3, 3, 1, 1, 1, 3, 2, 1, 3,
       2, 3, 3, 3, 2, 3, 2, 3, 2]), array([1, 1, 1, 1, 1, 1, 1, 1, 1, 1, 1, 1, 1, 1, 1, 1, 1, 1, 1, 1, 1, 1,
       1, 1, 1, 1, 1, 1, 1, 1, 1, 1, 1, 1, 1, 1, 1, 1, 1, 1, 1, 1, 1, 1,
       1, 1, 1, 1, 1, 1, 1, 1, 1]))
(array([2, 2, 3, 1, 2, 2, 2, 3, 1, 2, 3, 2, 2, 3, 2, 2, 3, 3, 3, 3, 2, 2,
       2, 3, 2, 1, 2, 2, 3, 1, 3, 2, 1, 3, 3, 3, 3, 1, 1, 1, 3, 2, 1, 3,
       2, 3, 3, 3, 2, 3, 2, 3, 2, 2]), array([1, 1, 1, 1, 1, 1, 1, 1, 1, 1, 1, 1, 1, 1, 1, 1, 1, 1, 1, 1, 1, 1,
       1, 1, 1, 1, 1, 1, 1, 1, 1, 1, 1, 1, 1, 1, 1, 1, 1, 1, 1, 1, 1, 1,
       1, 1, 1, 1, 1, 1, 1, 1, 1, 1]))
(array([2, 2, 3, 1, 2, 2, 2, 3, 1, 2, 3, 2, 2, 3, 2, 2, 3, 3, 3, 3, 2, 2,
       2, 3, 2, 1, 2, 2, 3, 1, 3, 2, 1, 3, 3, 3, 3, 1, 1, 1, 3, 2, 1, 3,
       2, 3, 3, 3, 2, 3, 2, 3, 2, 2, 3]), array([1, 1, 1, 1, 1, 1, 1, 1, 1, 1, 1, 1, 1, 1, 1, 1, 1, 1, 1, 1, 1, 1,
       1, 1, 1, 1, 1, 1, 1, 1, 1, 1, 1, 1, 1, 1, 1, 1, 1, 1, 1, 1, 1, 1,
       1, 1, 1, 1, 1, 1, 1, 1, 1, 1, 1]))
(array([2, 2, 3, 1, 2, 2, 2, 3, 1, 2, 3, 2, 2, 3, 2, 2, 3, 3, 3, 3, 2, 2,
       2, 3, 2, 1, 2, 2, 3, 1, 3, 2, 1, 3, 3, 3, 3, 1, 1, 1, 3, 2, 1, 3,
       2, 3, 3, 3, 2, 3, 2, 3, 2, 2, 3, 1]), array([1, 1, 1, 1, 1, 1, 1, 1, 1, 1, 1, 1, 1, 1, 1, 1, 1, 1, 1, 1, 1, 1,
       1, 1, 1, 1, 1, 1, 1, 1, 1, 1, 1, 1, 1, 1, 1, 1, 1, 1, 1, 1, 1, 1,
       1, 1, 1, 1, 1, 1, 1, 1, 1, 1, 1, 1]))
(array([2, 2, 3, 1, 2, 2, 2, 3, 1, 2, 3, 2, 2, 3, 2, 2, 3, 3, 3, 3, 2, 2,
       2, 3, 2, 1, 2, 2, 3, 1, 3, 2, 1, 3, 3, 3, 3, 1, 1, 1, 3, 2, 1, 3,
       2, 3, 3, 3, 2, 3, 2, 3, 2, 2, 3, 1, 2]), array([1, 1, 1, 1, 1, 1, 1, 1, 1, 1, 1, 1, 1, 1, 1, 1, 1, 1, 1, 1, 1, 1,
       1, 1, 1, 1, 1, 1, 1, 1, 1, 1, 1, 1, 1, 1, 1, 1, 1, 1, 1, 1, 1, 1,
       1, 1, 1, 1, 1, 1, 1, 1, 1, 1, 1, 1, 1]))
(array([2, 2, 3, 1, 2, 2, 2, 3, 1, 2, 3, 2, 2, 3, 2, 2, 3, 3, 3, 3, 2, 2,
       2, 3, 2, 1, 2, 2, 3, 1, 3, 2, 1, 3, 3, 3, 3, 1, 1, 1, 3, 2, 1, 3,
       2, 3, 3, 3, 2, 3, 2, 3, 2, 2, 3, 1, 2, 3]), array([1, 1, 1, 1, 1, 1, 1, 1, 1, 1, 1, 1, 1, 1, 1, 1, 1, 1, 1, 1, 1, 1,
       1, 1, 1, 1, 1, 1, 1, 1, 1, 1, 1, 1, 1, 1, 1, 1, 1, 1, 1, 1, 1, 1,
       1, 1, 1, 1, 1, 1, 1, 1, 1, 1, 1, 1, 1, 1]))
(array([2, 2, 3, 1, 2, 2, 2, 3, 1, 2, 3, 2, 2, 3, 2, 2, 3, 3, 3, 3, 2, 2,
       2, 3, 2, 1, 2, 2, 3, 1, 3, 2, 1, 3, 3, 3, 3, 1, 1, 1, 3, 2, 1, 3,
       2, 3, 3, 3, 2, 3, 2, 3, 2, 2, 3, 1, 2, 3, 3]), array([1, 1, 1, 1, 1, 1, 1, 1, 1, 1, 1, 1, 1, 1, 1, 1, 1, 1, 1, 1, 1, 1,
       1, 1, 1, 1, 1, 1, 1, 1, 1, 1, 1, 1, 1, 1, 1, 1, 1, 1, 1, 1, 1, 1,
       1, 1, 1, 1, 1, 1, 1, 1, 1, 1, 1, 1, 1, 1, 1]))
(array([2, 2, 3, 1, 2, 2, 2, 3, 1, 2, 3, 2, 2, 3, 2, 2, 3, 3, 3, 3, 2, 2,
       2, 3, 2, 1, 2, 2, 3, 1, 3, 2, 1, 3, 3, 3, 3, 1, 1, 1, 3, 2, 1, 3,
       2, 3, 3, 3, 2, 3, 2, 3, 2, 2, 3, 1, 2, 3, 3, 1]), array([1, 1, 1, 1, 1, 1, 1, 1, 1, 1, 1, 1, 1, 1, 1, 1, 1, 1, 1, 1, 1, 1,
       1, 1, 1, 1, 1, 1, 1, 1, 1, 1, 1, 1, 1, 1, 1, 1, 1, 1, 1, 1, 1, 1,
       1, 1, 1, 1, 1, 1, 1, 1, 1, 1, 1, 1, 1, 1, 1, 1]))
(array([2, 2, 3, 1, 2, 2, 2, 3, 1, 2, 3, 2, 2, 3, 2, 2, 3, 3, 3, 3, 2, 2,
       2, 3, 2, 1, 2, 2, 3, 1, 3, 2, 1, 3, 3, 3, 3, 1, 1, 1, 3, 2, 1, 3,
       2, 3, 3, 3, 2, 3, 2, 3, 2, 2, 3, 1, 2, 3, 3, 1, 2]), array([1, 1, 1, 1, 1, 1, 1, 1, 1, 1, 1, 1, 1, 1, 1, 1, 1, 1, 1, 1, 1, 1,
       1, 1, 1, 1, 1, 1, 1, 1, 1, 1, 1, 1, 1, 1, 1, 1, 1, 1, 1, 1, 1, 1,
       1, 1, 1, 1, 1, 1, 1, 1, 1, 1, 1, 1, 1, 1, 1, 1, 1]))
(array([2, 2, 3, 1, 2, 2, 2, 3, 1, 2, 3, 2, 2, 3, 2, 2, 3, 3, 3, 3, 2, 2,
       2, 3, 2, 1, 2, 2, 3, 1, 3, 2, 1, 3, 3, 3, 3, 1, 1, 1, 3, 2, 1, 3,
       2, 3, 3, 3, 2, 3, 2, 3, 2, 2, 3, 1, 2, 3, 3, 1, 2, 1]), array([1, 1, 1, 1, 1, 1, 1, 1, 1, 1, 1, 1, 1, 1, 1, 1, 1, 1, 1, 1, 1, 1,
       1, 1, 1, 1, 1, 1, 1, 1, 1, 1, 1, 1, 1, 1, 1, 1, 1, 1, 1, 1, 1, 1,
       1, 1, 1, 1, 1, 1, 1, 1, 1, 1, 1, 1, 1, 1, 1, 1, 1, 1]))
(array([2, 2, 3, 1, 2, 2, 2, 3, 1, 2, 3, 2, 2, 3, 2, 2, 3, 3, 3, 3, 2, 2,
       2, 3, 2, 1, 2, 2, 3, 1, 3, 2, 1, 3, 3, 3, 3, 1, 1, 1, 3, 2, 1, 3,
       2, 3, 3, 3, 2, 3, 2, 3, 2, 2, 3, 1, 2, 3, 3, 1, 2, 1, 3]), array([1, 1, 1, 1, 1, 1, 1, 1, 1, 1, 1, 1, 1, 1, 1, 1, 1, 1, 1, 1, 1, 1,
       1, 1, 1, 1, 1, 1, 1, 1, 1, 1, 1, 1, 1, 1, 1, 1, 1, 1, 1, 1, 1, 1,
       1, 1, 1, 1, 1, 1, 1, 1, 1, 1, 1, 1, 1, 1, 1, 1, 1, 1, 1]))
(array([2, 2, 3, 1, 2, 2, 2, 3, 1, 2, 3, 2, 2, 3, 2, 2, 3, 3, 3, 3, 2, 2,
       2, 3, 2, 1, 2, 2, 3, 1, 3, 2, 1, 3, 3, 3, 3, 1, 1, 1, 3, 2, 1, 3,
       2, 3, 3, 3, 2, 3, 2, 3, 2, 2, 3, 1, 2, 3, 3, 1, 2, 1, 3, 1]), array([1, 1, 1, 1, 1, 1, 1, 1, 1, 1, 1, 1, 1, 1, 1, 1, 1, 1, 1, 1, 1, 1,
       1, 1, 1, 1, 1, 1, 1, 1, 1, 1, 1, 1, 1, 1, 1, 1, 1, 1, 1, 1, 1, 1,
       1, 1, 1, 1, 1, 1, 1, 1, 1, 1, 1, 1, 1, 1, 1, 1, 1, 1, 1, 1]))
(array([2, 2, 3, 1, 2, 2, 2, 3, 1, 2, 3, 2, 2, 3, 2, 2, 3, 3, 3, 3, 2, 2,
       2, 3, 2, 1, 2, 2, 3, 1, 3, 2, 1, 3, 3, 3, 3, 1, 1, 1, 3, 2, 1, 3,
       2, 3, 3, 3, 2, 3, 2, 3, 2, 2, 3, 1, 2, 3, 3, 1, 2, 1, 3, 1, 2]), array([1, 1, 1, 1, 1, 1, 1, 1, 1, 1, 1, 1, 1, 1, 1, 1, 1, 1, 1, 1, 1, 1,
       1, 1, 1, 1, 1, 1, 1, 1, 1, 1, 1, 1, 1, 1, 1, 1, 1, 1, 1, 1, 1, 1,
       1, 1, 1, 1, 1, 1, 1, 1, 1, 1, 1, 1, 1, 1, 1, 1, 1, 1, 1, 1, 1]))
(array([2, 2, 3, 1, 2, 2, 2, 3, 1, 2, 3, 2, 2, 3, 2, 2, 3, 3, 3, 3, 2, 2,
       2, 3, 2, 1, 2, 2, 3, 1, 3, 2, 1, 3, 3, 3, 3, 1, 1, 1, 3, 2, 1, 3,
       2, 3, 3, 3, 2, 3, 2, 3, 2, 2, 3, 1, 2, 3, 3, 1, 2, 1, 3, 1, 2, 3]), array([1, 1, 1, 1, 1, 1, 1, 1, 1, 1, 1, 1, 1, 1, 1, 1, 1, 1, 1, 1, 1, 1,
       1, 1, 1, 1, 1, 1, 1, 1, 1, 1, 1, 1, 1, 1, 1, 1, 1, 1, 1, 1, 1, 1,
       1, 1, 1, 1, 1, 1, 1, 1, 1, 1, 1, 1, 1, 1, 1, 1, 1, 1, 1, 1, 1, 1]))
(array([2, 2, 3, 1, 2, 2, 2, 3, 1, 2, 3, 2, 2, 3, 2, 2, 3, 3, 3, 3, 2, 2,
       2, 3, 2, 1, 2, 2, 3, 1, 3, 2, 1, 3, 3, 3, 3, 1, 1, 1, 3, 2, 1, 3,
       2, 3, 3, 3, 2, 3, 2, 3, 2, 2, 3, 1, 2, 3, 3, 1, 2, 1, 3, 1, 2, 3,
       2]), array([1, 1, 1, 1, 1, 1, 1, 1, 1, 1, 1, 1, 1, 1, 1, 1, 1, 1, 1, 1, 1, 1,
       1, 1, 1, 1, 1, 1, 1, 1, 1, 1, 1, 1, 1, 1, 1, 1, 1, 1, 1, 1, 1, 1,
       1, 1, 1, 1, 1, 1, 1, 1, 1, 1, 1, 1, 1, 1, 1, 1, 1, 1, 1, 1, 1, 1,
       1]))
(array([2, 2, 3, 1, 2, 2, 2, 3, 1, 2, 3, 2, 2, 3, 2, 2, 3, 3, 3, 3, 2, 2,
       2, 3, 2, 1, 2, 2, 3, 1, 3, 2, 1, 3, 3, 3, 3, 1, 1, 1, 3, 2, 1, 3,
       2, 3, 3, 3, 2, 3, 2, 3, 2, 2, 3, 1, 2, 3, 3, 1, 2, 1, 3, 1, 2, 3,
       2, 1]), array([1, 1, 1, 1, 1, 1, 1, 1, 1, 1, 1, 1, 1, 1, 1, 1, 1, 1, 1, 1, 1, 1,
       1, 1, 1, 1, 1, 1, 1, 1, 1, 1, 1, 1, 1, 1, 1, 1, 1, 1, 1, 1, 1, 1,
       1, 1, 1, 1, 1, 1, 1, 1, 1, 1, 1, 1, 1, 1, 1, 1, 1, 1, 1, 1, 1, 1,
       1, 1]))
(array([2, 2, 3, 1, 2, 2, 2, 3, 1, 2, 3, 2, 2, 3, 2, 2, 3, 3, 3, 3, 2, 2,
       2, 3, 2, 1, 2, 2, 3, 1, 3, 2, 1, 3, 3, 3, 3, 1, 1, 1, 3, 2, 1, 3,
       2, 3, 3, 3, 2, 3, 2, 3, 2, 2, 3, 1, 2, 3, 3, 1, 2, 1, 3, 1, 2, 3,
       2, 1, 3]), array([1, 1, 1, 1, 1, 1, 1, 1, 1, 1, 1, 1, 1, 1, 1, 1, 1, 1, 1, 1, 1, 1,
       1, 1, 1, 1, 1, 1, 1, 1, 1, 1, 1, 1, 1, 1, 1, 1, 1, 1, 1, 1, 1, 1,
       1, 1, 1, 1, 1, 1, 1, 1, 1, 1, 1, 1, 1, 1, 1, 1, 1, 1, 1, 1, 1, 1,
       1, 1, 1]))
(array([2, 2, 3, 1, 2, 2, 2, 3, 1, 2, 3, 2, 2, 3, 2, 2, 3, 3, 3, 3, 2, 2,
       2, 3, 2, 1, 2, 2, 3, 1, 3, 2, 1, 3, 3, 3, 3, 1, 1, 1, 3, 2, 1, 3,
       2, 3, 3, 3, 2, 3, 2, 3, 2, 2, 3, 1, 2, 3, 3, 1, 2, 1, 3, 1, 2, 3,
       2, 1, 3, 1]), array([1, 1, 1, 1, 1, 1, 1, 1, 1, 1, 1, 1, 1, 1, 1, 1, 1, 1, 1, 1, 1, 1,
       1, 1, 1, 1, 1, 1, 1, 1, 1, 1, 1, 1, 1, 1, 1, 1, 1, 1, 1, 1, 1, 1,
       1, 1, 1, 1, 1, 1, 1, 1, 1, 1, 1, 1, 1, 1, 1, 1, 1, 1, 1, 1, 1, 1,
       1, 1, 1, 1]))
(array([2, 2, 3, 1, 2, 2, 2, 3, 1, 2, 3, 2, 2, 3, 2, 2, 3, 3, 3, 3, 2, 2,
       2, 3, 2, 1, 2, 2, 3, 1, 3, 2, 1, 3, 3, 3, 3, 1, 1, 1, 3, 2, 1, 3,
       2, 3, 3, 3, 2, 3, 2, 3, 2, 2, 3, 1, 2, 3, 3, 1, 2, 1, 3, 1, 2, 3,
       2, 1, 3, 1, 3]), array([1, 1, 1, 1, 1, 1, 1, 1, 1, 1, 1, 1, 1, 1, 1, 1, 1, 1, 1, 1, 1, 1,
       1, 1, 1, 1, 1, 1, 1, 1, 1, 1, 1, 1, 1, 1, 1, 1, 1, 1, 1, 1, 1, 1,
       1, 1, 1, 1, 1, 1, 1, 1, 1, 1, 1, 1, 1, 1, 1, 1, 1, 1, 1, 1, 1, 1,
       1, 1, 1, 1, 1]))
(array([2, 2, 3, 1, 2, 2, 2, 3, 1, 2, 3, 2, 2, 3, 2, 2, 3, 3, 3, 3, 2, 2,
       2, 3, 2, 1, 2, 2, 3, 1, 3, 2, 1, 3, 3, 3, 3, 1, 1, 1, 3, 2, 1, 3,
       2, 3, 3, 3, 2, 3, 2, 3, 2, 2, 3, 1, 2, 3, 3, 1, 2, 1, 3, 1, 2, 3,
       2, 1, 3, 1, 3, 3]), array([1, 1, 1, 1, 1, 1, 1, 1, 1, 1, 1, 1, 1, 1, 1, 1, 1, 1, 1, 1, 1, 1,
       1, 1, 1, 1, 1, 1, 1, 1, 1, 1, 1, 1, 1, 1, 1, 1, 1, 1, 1, 1, 1, 1,
       1, 1, 1, 1, 1, 1, 1, 1, 1, 1, 1, 1, 1, 1, 1, 1, 1, 1, 1, 1, 1, 1,
       1, 1, 1, 1, 1, 1]))
(array([2, 2, 3, 1, 2, 2, 2, 3, 1, 2, 3, 2, 2, 3, 2, 2, 3, 3, 3, 3, 2, 2,
       2, 3, 2, 1, 2, 2, 3, 1, 3, 2, 1, 3, 3, 3, 3, 1, 1, 1, 3, 2, 1, 3,
       2, 3, 3, 3, 2, 3, 2, 3, 2, 2, 3, 1, 2, 3, 3, 1, 2, 1, 3, 1, 2, 3,
       2, 1, 3, 1, 3, 3, 1]), array([1, 1, 1, 1, 1, 1, 1, 1, 1, 1, 1, 1, 1, 1, 1, 1, 1, 1, 1, 1, 1, 1,
       1, 1, 1, 1, 1, 1, 1, 1, 1, 1, 1, 1, 1, 1, 1, 1, 1, 1, 1, 1, 1, 1,
       1, 1, 1, 1, 1, 1, 1, 1, 1, 1, 1, 1, 1, 1, 1, 1, 1, 1, 1, 1, 1, 1,
       1, 1, 1, 1, 1, 1, 1]))
(array([2, 2, 3, 1, 2, 2, 2, 3, 1, 2, 3, 2, 2, 3, 2, 2, 3, 3, 3, 3, 2, 2,
       2, 3, 2, 1, 2, 2, 3, 1, 3, 2, 1, 3, 3, 3, 3, 1, 1, 1, 3, 2, 1, 3,
       2, 3, 3, 3, 2, 3, 2, 3, 2, 2, 3, 1, 2, 3, 3, 1, 2, 1, 3, 1, 2, 3,
       2, 1, 3, 1, 3, 3, 1, 1]), array([1, 1, 1, 1, 1, 1, 1, 1, 1, 1, 1, 1, 1, 1, 1, 1, 1, 1, 1, 1, 1, 1,
       1, 1, 1, 1, 1, 1, 1, 1, 1, 1, 1, 1, 1, 1, 1, 1, 1, 1, 1, 1, 1, 1,
       1, 1, 1, 1, 1, 1, 1, 1, 1, 1, 1, 1, 1, 1, 1, 1, 1, 1, 1, 1, 1, 1,
       1, 1, 1, 1, 1, 1, 1, 1]))
(array([2, 2, 3, 1, 2, 2, 2, 3, 1, 2, 3, 2, 2, 3, 2, 2, 3, 3, 3, 3, 2, 2,
       2, 3, 2, 1, 2, 2, 3, 1, 3, 2, 1, 3, 3, 3, 3, 1, 1, 1, 3, 2, 1, 3,
       2, 3, 3, 3, 2, 3, 2, 3, 2, 2, 3, 1, 2, 3, 3, 1, 2, 1, 3, 1, 2, 3,
       2, 1, 3, 1, 3, 3, 1, 1, 2]), array([1, 1, 1, 1, 1, 1, 1, 1, 1, 1, 1, 1, 1, 1, 1, 1, 1, 1, 1, 1, 1, 1,
       1, 1, 1, 1, 1, 1, 1, 1, 1, 1, 1, 1, 1, 1, 1, 1, 1, 1, 1, 1, 1, 1,
       1, 1, 1, 1, 1, 1, 1, 1, 1, 1, 1, 1, 1, 1, 1, 1, 1, 1, 1, 1, 1, 1,
       1, 1, 1, 1, 1, 1, 1, 1, 1]))
(array([2, 2, 3, 1, 2, 2, 2, 3, 1, 2, 3, 2, 2, 3, 2, 2, 3, 3, 3, 3, 2, 2,
       2, 3, 2, 1, 2, 2, 3, 1, 3, 2, 1, 3, 3, 3, 3, 1, 1, 1, 3, 2, 1, 3,
       2, 3, 3, 3, 2, 3, 2, 3, 2, 2, 3, 1, 2, 3, 3, 1, 2, 1, 3, 1, 2, 3,
       2, 1, 3, 1, 3, 3, 1, 1, 2, 2]), array([1, 1, 1, 1, 1, 1, 1, 1, 1, 1, 1, 1, 1, 1, 1, 1, 1, 1, 1, 1, 1, 1,
       1, 1, 1, 1, 1, 1, 1, 1, 1, 1, 1, 1, 1, 1, 1, 1, 1, 1, 1, 1, 1, 1,
       1, 1, 1, 1, 1, 1, 1, 1, 1, 1, 1, 1, 1, 1, 1, 1, 1, 1, 1, 1, 1, 1,
       1, 1, 1, 1, 1, 1, 1, 1, 1, 1]))
(array([2, 2, 3, 1, 2, 2, 2, 3, 1, 2, 3, 2, 2, 3, 2, 2, 3, 3, 3, 3, 2, 2,
       2, 3, 2, 1, 2, 2, 3, 1, 3, 2, 1, 3, 3, 3, 3, 1, 1, 1, 3, 2, 1, 3,
       2, 3, 3, 3, 2, 3, 2, 3, 2, 2, 3, 1, 2, 3, 3, 1, 2, 1, 3, 1, 2, 3,
       2, 1, 3, 1, 3, 3, 1, 1, 2, 2, 1]), array([1, 1, 1, 1, 1, 1, 1, 1, 1, 1, 1, 1, 1, 1, 1, 1, 1, 1, 1, 1, 1, 1,
       1, 1, 1, 1, 1, 1, 1, 1, 1, 1, 1, 1, 1, 1, 1, 1, 1, 1, 1, 1, 1, 1,
       1, 1, 1, 1, 1, 1, 1, 1, 1, 1, 1, 1, 1, 1, 1, 1, 1, 1, 1, 1, 1, 1,
       1, 1, 1, 1, 1, 1, 1, 1, 1, 1, 1]))
(array([2, 2, 3, 1, 2, 2, 2, 3, 1, 2, 3, 2, 2, 3, 2, 2, 3, 3, 3, 3, 2, 2,
       2, 3, 2, 1, 2, 2, 3, 1, 3, 2, 1, 3, 3, 3, 3, 1, 1, 1, 3, 2, 1, 3,
       2, 3, 3, 3, 2, 3, 2, 3, 2, 2, 3, 1, 2, 3, 3, 1, 2, 1, 3, 1, 2, 3,
       2, 1, 3, 1, 3, 3, 1, 1, 2, 2, 1, 2]), array([1, 1, 1, 1, 1, 1, 1, 1, 1, 1, 1, 1, 1, 1, 1, 1, 1, 1, 1, 1, 1, 1,
       1, 1, 1, 1, 1, 1, 1, 1, 1, 1, 1, 1, 1, 1, 1, 1, 1, 1, 1, 1, 1, 1,
       1, 1, 1, 1, 1, 1, 1, 1, 1, 1, 1, 1, 1, 1, 1, 1, 1, 1, 1, 1, 1, 1,
       1, 1, 1, 1, 1, 1, 1, 1, 1, 1, 1, 1]))
(array([2, 2, 3, 1, 2, 2, 2, 3, 1, 2, 3, 2, 2, 3, 2, 2, 3, 3, 3, 3, 2, 2,
       2, 3, 2, 1, 2, 2, 3, 1, 3, 2, 1, 3, 3, 3, 3, 1, 1, 1, 3, 2, 1, 3,
       2, 3, 3, 3, 2, 3, 2, 3, 2, 2, 3, 1, 2, 3, 3, 1, 2, 1, 3, 1, 2, 3,
       2, 1, 3, 1, 3, 3, 1, 1, 2, 2, 1, 2, 1]), array([1, 1, 1, 1, 1, 1, 1, 1, 1, 1, 1, 1, 1, 1, 1, 1, 1, 1, 1, 1, 1, 1,
       1, 1, 1, 1, 1, 1, 1, 1, 1, 1, 1, 1, 1, 1, 1, 1, 1, 1, 1, 1, 1, 1,
       1, 1, 1, 1, 1, 1, 1, 1, 1, 1, 1, 1, 1, 1, 1, 1, 1, 1, 1, 1, 1, 1,
       1, 1, 1, 1, 1, 1, 1, 1, 1, 1, 1, 1, 1]))
(array([2, 2, 3, 1, 2, 2, 2, 3, 1, 2, 3, 2, 2, 3, 2, 2, 3, 3, 3, 3, 2, 2,
       2, 3, 2, 1, 2, 2, 3, 1, 3, 2, 1, 3, 3, 3, 3, 1, 1, 1, 3, 2, 1, 3,
       2, 3, 3, 3, 2, 3, 2, 3, 2, 2, 3, 1, 2, 3, 3, 1, 2, 1, 3, 1, 2, 3,
       2, 1, 3, 1, 3, 3, 1, 1, 2, 2, 1, 2, 1, 2]), array([1, 1, 1, 1, 1, 1, 1, 1, 1, 1, 1, 1, 1, 1, 1, 1, 1, 1, 1, 1, 1, 1,
       1, 1, 1, 1, 1, 1, 1, 1, 1, 1, 1, 1, 1, 1, 1, 1, 1, 1, 1, 1, 1, 1,
       1, 1, 1, 1, 1, 1, 1, 1, 1, 1, 1, 1, 1, 1, 1, 1, 1, 1, 1, 1, 1, 1,
       1, 1, 1, 1, 1, 1, 1, 1, 1, 1, 1, 1, 1, 1]))
(array([2, 2, 3, 1, 2, 2, 2, 3, 1, 2, 3, 2, 2, 3, 2, 2, 3, 3, 3, 3, 2, 2,
       2, 3, 2, 1, 2, 2, 3, 1, 3, 2, 1, 3, 3, 3, 3, 1, 1, 1, 3, 2, 1, 3,
       2, 3, 3, 3, 2, 3, 2, 3, 2, 2, 3, 1, 2, 3, 3, 1, 2, 1, 3, 1, 2, 3,
       2, 1, 3, 1, 3, 3, 1, 1, 2, 2, 1, 2, 1, 2, 1]), array([1, 1, 1, 1, 1, 1, 1, 1, 1, 1, 1, 1, 1, 1, 1, 1, 1, 1, 1, 1, 1, 1,
       1, 1, 1, 1, 1, 1, 1, 1, 1, 1, 1, 1, 1, 1, 1, 1, 1, 1, 1, 1, 1, 1,
       1, 1, 1, 1, 1, 1, 1, 1, 1, 1, 1, 1, 1, 1, 1, 1, 1, 1, 1, 1, 1, 1,
       1, 1, 1, 1, 1, 1, 1, 1, 1, 1, 1, 1, 1, 1, 1]))
(array([2, 2, 3, 1, 2, 2, 2, 3, 1, 2, 3, 2, 2, 3, 2, 2, 3, 3, 3, 3, 2, 2,
       2, 3, 2, 1, 2, 2, 3, 1, 3, 2, 1, 3, 3, 3, 3, 1, 1, 1, 3, 2, 1, 3,
       2, 3, 3, 3, 2, 3, 2, 3, 2, 2, 3, 1, 2, 3, 3, 1, 2, 1, 3, 1, 2, 3,
       2, 1, 3, 1, 3, 3, 1, 1, 2, 2, 1, 2, 1, 2, 1, 3]), array([1, 1, 1, 1, 1, 1, 1, 1, 1, 1, 1, 1, 1, 1, 1, 1, 1, 1, 1, 1, 1, 1,
       1, 1, 1, 1, 1, 1, 1, 1, 1, 1, 1, 1, 1, 1, 1, 1, 1, 1, 1, 1, 1, 1,
       1, 1, 1, 1, 1, 1, 1, 1, 1, 1, 1, 1, 1, 1, 1, 1, 1, 1, 1, 1, 1, 1,
       1, 1, 1, 1, 1, 1, 1, 1, 1, 1, 1, 1, 1, 1, 1, 1]))
(array([2, 2, 3, 1, 2, 2, 2, 3, 1, 2, 3, 2, 2, 3, 2, 2, 3, 3, 3, 3, 2, 2,
       2, 3, 2, 1, 2, 2, 3, 1, 3, 2, 1, 3, 3, 3, 3, 1, 1, 1, 3, 2, 1, 3,
       2, 3, 3, 3, 2, 3, 2, 3, 2, 2, 3, 1, 2, 3, 3, 1, 2, 1, 3, 1, 2, 3,
       2, 1, 3, 1, 3, 3, 1, 1, 2, 2, 1, 2, 1, 2, 1, 3, 1]), array([1, 1, 1, 1, 1, 1, 1, 1, 1, 1, 1, 1, 1, 1, 1, 1, 1, 1, 1, 1, 1, 1,
       1, 1, 1, 1, 1, 1, 1, 1, 1, 1, 1, 1, 1, 1, 1, 1, 1, 1, 1, 1, 1, 1,
       1, 1, 1, 1, 1, 1, 1, 1, 1, 1, 1, 1, 1, 1, 1, 1, 1, 1, 1, 1, 1, 1,
       1, 1, 1, 1, 1, 1, 1, 1, 1, 1, 1, 1, 1, 1, 1, 1, 1]))
(array([2, 2, 3, 1, 2, 2, 2, 3, 1, 2, 3, 2, 2, 3, 2, 2, 3, 3, 3, 3, 2, 2,
       2, 3, 2, 1, 2, 2, 3, 1, 3, 2, 1, 3, 3, 3, 3, 1, 1, 1, 3, 2, 1, 3,
       2, 3, 3, 3, 2, 3, 2, 3, 2, 2, 3, 1, 2, 3, 3, 1, 2, 1, 3, 1, 2, 3,
       2, 1, 3, 1, 3, 3, 1, 1, 2, 2, 1, 2, 1, 2, 1, 3, 1, 1]), array([1, 1, 1, 1, 1, 1, 1, 1, 1, 1, 1, 1, 1, 1, 1, 1, 1, 1, 1, 1, 1, 1,
       1, 1, 1, 1, 1, 1, 1, 1, 1, 1, 1, 1, 1, 1, 1, 1, 1, 1, 1, 1, 1, 1,
       1, 1, 1, 1, 1, 1, 1, 1, 1, 1, 1, 1, 1, 1, 1, 1, 1, 1, 1, 1, 1, 1,
       1, 1, 1, 1, 1, 1, 1, 1, 1, 1, 1, 1, 1, 1, 1, 1, 1, 1]))
(array([2, 2, 3, 1, 2, 2, 2, 3, 1, 2, 3, 2, 2, 3, 2, 2, 3, 3, 3, 3, 2, 2,
       2, 3, 2, 1, 2, 2, 3, 1, 3, 2, 1, 3, 3, 3, 3, 1, 1, 1, 3, 2, 1, 3,
       2, 3, 3, 3, 2, 3, 2, 3, 2, 2, 3, 1, 2, 3, 3, 1, 2, 1, 3, 1, 2, 3,
       2, 1, 3, 1, 3, 3, 1, 1, 2, 2, 1, 2, 1, 2, 1, 3, 1, 1, 2]), array([1, 1, 1, 1, 1, 1, 1, 1, 1, 1, 1, 1, 1, 1, 1, 1, 1, 1, 1, 1, 1, 1,
       1, 1, 1, 1, 1, 1, 1, 1, 1, 1, 1, 1, 1, 1, 1, 1, 1, 1, 1, 1, 1, 1,
       1, 1, 1, 1, 1, 1, 1, 1, 1, 1, 1, 1, 1, 1, 1, 1, 1, 1, 1, 1, 1, 1,
       1, 1, 1, 1, 1, 1, 1, 1, 1, 1, 1, 1, 1, 1, 1, 1, 1, 1, 1]))
(array([2, 2, 3, 1, 2, 2, 2, 3, 1, 2, 3, 2, 2, 3, 2, 2, 3, 3, 3, 3, 2, 2,
       2, 3, 2, 1, 2, 2, 3, 1, 3, 2, 1, 3, 3, 3, 3, 1, 1, 1, 3, 2, 1, 3,
       2, 3, 3, 3, 2, 3, 2, 3, 2, 2, 3, 1, 2, 3, 3, 1, 2, 1, 3, 1, 2, 3,
       2, 1, 3, 1, 3, 3, 1, 1, 2, 2, 1, 2, 1, 2, 1, 3, 1, 1, 2, 1]), array([1, 1, 1, 1, 1, 1, 1, 1, 1, 1, 1, 1, 1, 1, 1, 1, 1, 1, 1, 1, 1, 1,
       1, 1, 1, 1, 1, 1, 1, 1, 1, 1, 1, 1, 1, 1, 1, 1, 1, 1, 1, 1, 1, 1,
       1, 1, 1, 1, 1, 1, 1, 1, 1, 1, 1, 1, 1, 1, 1, 1, 1, 1, 1, 1, 1, 1,
       1, 1, 1, 1, 1, 1, 1, 1, 1, 1, 1, 1, 1, 1, 1, 1, 1, 1, 1, 1]))
(array([2, 2, 3, 1, 2, 2, 2, 3, 1, 2, 3, 2, 2, 3, 2, 2, 3, 3, 3, 3, 2, 2,
       2, 3, 2, 1, 2, 2, 3, 1, 3, 2, 1, 3, 3, 3, 3, 1, 1, 1, 3, 2, 1, 3,
       2, 3, 3, 3, 2, 3, 2, 3, 2, 2, 3, 1, 2, 3, 3, 1, 2, 1, 3, 1, 2, 3,
       2, 1, 3, 1, 3, 3, 1, 1, 2, 2, 1, 2, 1, 2, 1, 3, 1, 1, 2, 1, 3]), array([1, 1, 1, 1, 1, 1, 1, 1, 1, 1, 1, 1, 1, 1, 1, 1, 1, 1, 1, 1, 1, 1,
       1, 1, 1, 1, 1, 1, 1, 1, 1, 1, 1, 1, 1, 1, 1, 1, 1, 1, 1, 1, 1, 1,
       1, 1, 1, 1, 1, 1, 1, 1, 1, 1, 1, 1, 1, 1, 1, 1, 1, 1, 1, 1, 1, 1,
       1, 1, 1, 1, 1, 1, 1, 1, 1, 1, 1, 1, 1, 1, 1, 1, 1, 1, 1, 1, 1]))
(array([2, 2, 3, 1, 2, 2, 2, 3, 1, 2, 3, 2, 2, 3, 2, 2, 3, 3, 3, 3, 2, 2,
       2, 3, 2, 1, 2, 2, 3, 1, 3, 2, 1, 3, 3, 3, 3, 1, 1, 1, 3, 2, 1, 3,
       2, 3, 3, 3, 2, 3, 2, 3, 2, 2, 3, 1, 2, 3, 3, 1, 2, 1, 3, 1, 2, 3,
       2, 1, 3, 1, 3, 3, 1, 1, 2, 2, 1, 2, 1, 2, 1, 3, 1, 1, 2, 1, 3, 1]), array([1, 1, 1, 1, 1, 1, 1, 1, 1, 1, 1, 1, 1, 1, 1, 1, 1, 1, 1, 1, 1, 1,
       1, 1, 1, 1, 1, 1, 1, 1, 1, 1, 1, 1, 1, 1, 1, 1, 1, 1, 1, 1, 1, 1,
       1, 1, 1, 1, 1, 1, 1, 1, 1, 1, 1, 1, 1, 1, 1, 1, 1, 1, 1, 1, 1, 1,
       1, 1, 1, 1, 1, 1, 1, 1, 1, 1, 1, 1, 1, 1, 1, 1, 1, 1, 1, 1, 1, 1]))
(array([2, 2, 3, 1, 2, 2, 2, 3, 1, 2, 3, 2, 2, 3, 2, 2, 3, 3, 3, 3, 2, 2,
       2, 3, 2, 1, 2, 2, 3, 1, 3, 2, 1, 3, 3, 3, 3, 1, 1, 1, 3, 2, 1, 3,
       2, 3, 3, 3, 2, 3, 2, 3, 2, 2, 3, 1, 2, 3, 3, 1, 2, 1, 3, 1, 2, 3,
       2, 1, 3, 1, 3, 3, 1, 1, 2, 2, 1, 2, 1, 2, 1, 3, 1, 1, 2, 1, 3, 1,
       2]), array([1, 1, 1, 1, 1, 1, 1, 1, 1, 1, 1, 1, 1, 1, 1, 1, 1, 1, 1, 1, 1, 1,
       1, 1, 1, 1, 1, 1, 1, 1, 1, 1, 1, 1, 1, 1, 1, 1, 1, 1, 1, 1, 1, 1,
       1, 1, 1, 1, 1, 1, 1, 1, 1, 1, 1, 1, 1, 1, 1, 1, 1, 1, 1, 1, 1, 1,
       1, 1, 1, 1, 1, 1, 1, 1, 1, 1, 1, 1, 1, 1, 1, 1, 1, 1, 1, 1, 1, 1,
       1]))
(array([2, 2, 3, 1, 2, 2, 2, 3, 1, 2, 3, 2, 2, 3, 2, 2, 3, 3, 3, 3, 2, 2,
       2, 3, 2, 1, 2, 2, 3, 1, 3, 2, 1, 3, 3, 3, 3, 1, 1, 1, 3, 2, 1, 3,
       2, 3, 3, 3, 2, 3, 2, 3, 2, 2, 3, 1, 2, 3, 3, 1, 2, 1, 3, 1, 2, 3,
       2, 1, 3, 1, 3, 3, 1, 1, 2, 2, 1, 2, 1, 2, 1, 3, 1, 1, 2, 1, 3, 1,
       2, 1]), array([1, 1, 1, 1, 1, 1, 1, 1, 1, 1, 1, 1, 1, 1, 1, 1, 1, 1, 1, 1, 1, 1,
       1, 1, 1, 1, 1, 1, 1, 1, 1, 1, 1, 1, 1, 1, 1, 1, 1, 1, 1, 1, 1, 1,
       1, 1, 1, 1, 1, 1, 1, 1, 1, 1, 1, 1, 1, 1, 1, 1, 1, 1, 1, 1, 1, 1,
       1, 1, 1, 1, 1, 1, 1, 1, 1, 1, 1, 1, 1, 1, 1, 1, 1, 1, 1, 1, 1, 1,
       1, 1]))
(array([2, 2, 3, 1, 2, 2, 2, 3, 1, 2, 3, 2, 2, 3, 2, 2, 3, 3, 3, 3, 2, 2,
       2, 3, 2, 1, 2, 2, 3, 1, 3, 2, 1, 3, 3, 3, 3, 1, 1, 1, 3, 2, 1, 3,
       2, 3, 3, 3, 2, 3, 2, 3, 2, 2, 3, 1, 2, 3, 3, 1, 2, 1, 3, 1, 2, 3,
       2, 1, 3, 1, 3, 3, 1, 1, 2, 2, 1, 2, 1, 2, 1, 3, 1, 1, 2, 1, 3, 1,
       2, 1, 2]), array([1, 1, 1, 1, 1, 1, 1, 1, 1, 1, 1, 1, 1, 1, 1, 1, 1, 1, 1, 1, 1, 1,
       1, 1, 1, 1, 1, 1, 1, 1, 1, 1, 1, 1, 1, 1, 1, 1, 1, 1, 1, 1, 1, 1,
       1, 1, 1, 1, 1, 1, 1, 1, 1, 1, 1, 1, 1, 1, 1, 1, 1, 1, 1, 1, 1, 1,
       1, 1, 1, 1, 1, 1, 1, 1, 1, 1, 1, 1, 1, 1, 1, 1, 1, 1, 1, 1, 1, 1,
       1, 1, 1]))
(array([2, 2, 3, 1, 2, 2, 2, 3, 1, 2, 3, 2, 2, 3, 2, 2, 3, 3, 3, 3, 2, 2,
       2, 3, 2, 1, 2, 2, 3, 1, 3, 2, 1, 3, 3, 3, 3, 1, 1, 1, 3, 2, 1, 3,
       2, 3, 3, 3, 2, 3, 2, 3, 2, 2, 3, 1, 2, 3, 3, 1, 2, 1, 3, 1, 2, 3,
       2, 1, 3, 1, 3, 3, 1, 1, 2, 2, 1, 2, 1, 2, 1, 3, 1, 1, 2, 1, 3, 1,
       2, 1, 2, 2]), array([1, 1, 1, 1, 1, 1, 1, 1, 1, 1, 1, 1, 1, 1, 1, 1, 1, 1, 1, 1, 1, 1,
       1, 1, 1, 1, 1, 1, 1, 1, 1, 1, 1, 1, 1, 1, 1, 1, 1, 1, 1, 1, 1, 1,
       1, 1, 1, 1, 1, 1, 1, 1, 1, 1, 1, 1, 1, 1, 1, 1, 1, 1, 1, 1, 1, 1,
       1, 1, 1, 1, 1, 1, 1, 1, 1, 1, 1, 1, 1, 1, 1, 1, 1, 1, 1, 1, 1, 1,
       1, 1, 1, 1]))
(array([2, 2, 3, 1, 2, 2, 2, 3, 1, 2, 3, 2, 2, 3, 2, 2, 3, 3, 3, 3, 2, 2,
       2, 3, 2, 1, 2, 2, 3, 1, 3, 2, 1, 3, 3, 3, 3, 1, 1, 1, 3, 2, 1, 3,
       2, 3, 3, 3, 2, 3, 2, 3, 2, 2, 3, 1, 2, 3, 3, 1, 2, 1, 3, 1, 2, 3,
       2, 1, 3, 1, 3, 3, 1, 1, 2, 2, 1, 2, 1, 2, 1, 3, 1, 1, 2, 1, 3, 1,
       2, 1, 2, 2, 3]), array([1, 1, 1, 1, 1, 1, 1, 1, 1, 1, 1, 1, 1, 1, 1, 1, 1, 1, 1, 1, 1, 1,
       1, 1, 1, 1, 1, 1, 1, 1, 1, 1, 1, 1, 1, 1, 1, 1, 1, 1, 1, 1, 1, 1,
       1, 1, 1, 1, 1, 1, 1, 1, 1, 1, 1, 1, 1, 1, 1, 1, 1, 1, 1, 1, 1, 1,
       1, 1, 1, 1, 1, 1, 1, 1, 1, 1, 1, 1, 1, 1, 1, 1, 1, 1, 1, 1, 1, 1,
       1, 1, 1, 1, 1]))
(array([2, 2, 3, 1, 2, 2, 2, 3, 1, 2, 3, 2, 2, 3, 2, 2, 3, 3, 3, 3, 2, 2,
       2, 3, 2, 1, 2, 2, 3, 1, 3, 2, 1, 3, 3, 3, 3, 1, 1, 1, 3, 2, 1, 3,
       2, 3, 3, 3, 2, 3, 2, 3, 2, 2, 3, 1, 2, 3, 3, 1, 2, 1, 3, 1, 2, 3,
       2, 1, 3, 1, 3, 3, 1, 1, 2, 2, 1, 2, 1, 2, 1, 3, 1, 1, 2, 1, 3, 1,
       2, 1, 2, 2, 3, 3]), array([1, 1, 1, 1, 1, 1, 1, 1, 1, 1, 1, 1, 1, 1, 1, 1, 1, 1, 1, 1, 1, 1,
       1, 1, 1, 1, 1, 1, 1, 1, 1, 1, 1, 1, 1, 1, 1, 1, 1, 1, 1, 1, 1, 1,
       1, 1, 1, 1, 1, 1, 1, 1, 1, 1, 1, 1, 1, 1, 1, 1, 1, 1, 1, 1, 1, 1,
       1, 1, 1, 1, 1, 1, 1, 1, 1, 1, 1, 1, 1, 1, 1, 1, 1, 1, 1, 1, 1, 1,
       1, 1, 1, 1, 1, 1]))
(array([2, 2, 3, 1, 2, 2, 2, 3, 1, 2, 3, 2, 2, 3, 2, 2, 3, 3, 3, 3, 2, 2,
       2, 3, 2, 1, 2, 2, 3, 1, 3, 2, 1, 3, 3, 3, 3, 1, 1, 1, 3, 2, 1, 3,
       2, 3, 3, 3, 2, 3, 2, 3, 2, 2, 3, 1, 2, 3, 3, 1, 2, 1, 3, 1, 2, 3,
       2, 1, 3, 1, 3, 3, 1, 1, 2, 2, 1, 2, 1, 2, 1, 3, 1, 1, 2, 1, 3, 1,
       2, 1, 2, 2, 3, 3, 3]), array([1, 1, 1, 1, 1, 1, 1, 1, 1, 1, 1, 1, 1, 1, 1, 1, 1, 1, 1, 1, 1, 1,
       1, 1, 1, 1, 1, 1, 1, 1, 1, 1, 1, 1, 1, 1, 1, 1, 1, 1, 1, 1, 1, 1,
       1, 1, 1, 1, 1, 1, 1, 1, 1, 1, 1, 1, 1, 1, 1, 1, 1, 1, 1, 1, 1, 1,
       1, 1, 1, 1, 1, 1, 1, 1, 1, 1, 1, 1, 1, 1, 1, 1, 1, 1, 1, 1, 1, 1,
       1, 1, 1, 1, 1, 1, 1]))
(array([2, 2, 3, 1, 2, 2, 2, 3, 1, 2, 3, 2, 2, 3, 2, 2, 3, 3, 3, 3, 2, 2,
       2, 3, 2, 1, 2, 2, 3, 1, 3, 2, 1, 3, 3, 3, 3, 1, 1, 1, 3, 2, 1, 3,
       2, 3, 3, 3, 2, 3, 2, 3, 2, 2, 3, 1, 2, 3, 3, 1, 2, 1, 3, 1, 2, 3,
       2, 1, 3, 1, 3, 3, 1, 1, 2, 2, 1, 2, 1, 2, 1, 3, 1, 1, 2, 1, 3, 1,
       2, 1, 2, 2, 3, 3, 3, 1]), array([1, 1, 1, 1, 1, 1, 1, 1, 1, 1, 1, 1, 1, 1, 1, 1, 1, 1, 1, 1, 1, 1,
       1, 1, 1, 1, 1, 1, 1, 1, 1, 1, 1, 1, 1, 1, 1, 1, 1, 1, 1, 1, 1, 1,
       1, 1, 1, 1, 1, 1, 1, 1, 1, 1, 1, 1, 1, 1, 1, 1, 1, 1, 1, 1, 1, 1,
       1, 1, 1, 1, 1, 1, 1, 1, 1, 1, 1, 1, 1, 1, 1, 1, 1, 1, 1, 1, 1, 1,
       1, 1, 1, 1, 1, 1, 1, 1]))
(array([2, 2, 3, 1, 2, 2, 2, 3, 1, 2, 3, 2, 2, 3, 2, 2, 3, 3, 3, 3, 2, 2,
       2, 3, 2, 1, 2, 2, 3, 1, 3, 2, 1, 3, 3, 3, 3, 1, 1, 1, 3, 2, 1, 3,
       2, 3, 3, 3, 2, 3, 2, 3, 2, 2, 3, 1, 2, 3, 3, 1, 2, 1, 3, 1, 2, 3,
       2, 1, 3, 1, 3, 3, 1, 1, 2, 2, 1, 2, 1, 2, 1, 3, 1, 1, 2, 1, 3, 1,
       2, 1, 2, 2, 3, 3, 3, 1, 1]), array([1, 1, 1, 1, 1, 1, 1, 1, 1, 1, 1, 1, 1, 1, 1, 1, 1, 1, 1, 1, 1, 1,
       1, 1, 1, 1, 1, 1, 1, 1, 1, 1, 1, 1, 1, 1, 1, 1, 1, 1, 1, 1, 1, 1,
       1, 1, 1, 1, 1, 1, 1, 1, 1, 1, 1, 1, 1, 1, 1, 1, 1, 1, 1, 1, 1, 1,
       1, 1, 1, 1, 1, 1, 1, 1, 1, 1, 1, 1, 1, 1, 1, 1, 1, 1, 1, 1, 1, 1,
       1, 1, 1, 1, 1, 1, 1, 1, 1]))
(array([2, 2, 3, 1, 2, 2, 2, 3, 1, 2, 3, 2, 2, 3, 2, 2, 3, 3, 3, 3, 2, 2,
       2, 3, 2, 1, 2, 2, 3, 1, 3, 2, 1, 3, 3, 3, 3, 1, 1, 1, 3, 2, 1, 3,
       2, 3, 3, 3, 2, 3, 2, 3, 2, 2, 3, 1, 2, 3, 3, 1, 2, 1, 3, 1, 2, 3,
       2, 1, 3, 1, 3, 3, 1, 1, 2, 2, 1, 2, 1, 2, 1, 3, 1, 1, 2, 1, 3, 1,
       2, 1, 2, 2, 3, 3, 3, 1, 1, 2]), array([1, 1, 1, 1, 1, 1, 1, 1, 1, 1, 1, 1, 1, 1, 1, 1, 1, 1, 1, 1, 1, 1,
       1, 1, 1, 1, 1, 1, 1, 1, 1, 1, 1, 1, 1, 1, 1, 1, 1, 1, 1, 1, 1, 1,
       1, 1, 1, 1, 1, 1, 1, 1, 1, 1, 1, 1, 1, 1, 1, 1, 1, 1, 1, 1, 1, 1,
       1, 1, 1, 1, 1, 1, 1, 1, 1, 1, 1, 1, 1, 1, 1, 1, 1, 1, 1, 1, 1, 1,
       1, 1, 1, 1, 1, 1, 1, 1, 1, 1]))
(array([2, 2, 3, 1, 2, 2, 2, 3, 1, 2, 3, 2, 2, 3, 2, 2, 3, 3, 3, 3, 2, 2,
       2, 3, 2, 1, 2, 2, 3, 1, 3, 2, 1, 3, 3, 3, 3, 1, 1, 1, 3, 2, 1, 3,
       2, 3, 3, 3, 2, 3, 2, 3, 2, 2, 3, 1, 2, 3, 3, 1, 2, 1, 3, 1, 2, 3,
       2, 1, 3, 1, 3, 3, 1, 1, 2, 2, 1, 2, 1, 2, 1, 3, 1, 1, 2, 1, 3, 1,
       2, 1, 2, 2, 3, 3, 3, 1, 1, 2, 2]), array([1, 1, 1, 1, 1, 1, 1, 1, 1, 1, 1, 1, 1, 1, 1, 1, 1, 1, 1, 1, 1, 1,
       1, 1, 1, 1, 1, 1, 1, 1, 1, 1, 1, 1, 1, 1, 1, 1, 1, 1, 1, 1, 1, 1,
       1, 1, 1, 1, 1, 1, 1, 1, 1, 1, 1, 1, 1, 1, 1, 1, 1, 1, 1, 1, 1, 1,
       1, 1, 1, 1, 1, 1, 1, 1, 1, 1, 1, 1, 1, 1, 1, 1, 1, 1, 1, 1, 1, 1,
       1, 1, 1, 1, 1, 1, 1, 1, 1, 1, 1]))
(array([2, 2, 3, 1, 2, 2, 2, 3, 1, 2, 3, 2, 2, 3, 2, 2, 3, 3, 3, 3, 2, 2,
       2, 3, 2, 1, 2, 2, 3, 1, 3, 2, 1, 3, 3, 3, 3, 1, 1, 1, 3, 2, 1, 3,
       2, 3, 3, 3, 2, 3, 2, 3, 2, 2, 3, 1, 2, 3, 3, 1, 2, 1, 3, 1, 2, 3,
       2, 1, 3, 1, 3, 3, 1, 1, 2, 2, 1, 2, 1, 2, 1, 3, 1, 1, 2, 1, 3, 1,
       2, 1, 2, 2, 3, 3, 3, 1, 1, 2, 2, 2]), array([1, 1, 1, 1, 1, 1, 1, 1, 1, 1, 1, 1, 1, 1, 1, 1, 1, 1, 1, 1, 1, 1,
       1, 1, 1, 1, 1, 1, 1, 1, 1, 1, 1, 1, 1, 1, 1, 1, 1, 1, 1, 1, 1, 1,
       1, 1, 1, 1, 1, 1, 1, 1, 1, 1, 1, 1, 1, 1, 1, 1, 1, 1, 1, 1, 1, 1,
       1, 1, 1, 1, 1, 1, 1, 1, 1, 1, 1, 1, 1, 1, 1, 1, 1, 1, 1, 1, 1, 1,
       1, 1, 1, 1, 1, 1, 1, 1, 1, 1, 1, 1]))
(array([2, 2, 3, 1, 2, 2, 2, 3, 1, 2, 3, 2, 2, 3, 2, 2, 3, 3, 3, 3, 2, 2,
       2, 3, 2, 1, 2, 2, 3, 1, 3, 2, 1, 3, 3, 3, 3, 1, 1, 1, 3, 2, 1, 3,
       2, 3, 3, 3, 2, 3, 2, 3, 2, 2, 3, 1, 2, 3, 3, 1, 2, 1, 3, 1, 2, 3,
       2, 1, 3, 1, 3, 3, 1, 1, 2, 2, 1, 2, 1, 2, 1, 3, 1, 1, 2, 1, 3, 1,
       2, 1, 2, 2, 3, 3, 3, 1, 1, 2, 2, 2, 1]), array([1, 1, 1, 1, 1, 1, 1, 1, 1, 1, 1, 1, 1, 1, 1, 1, 1, 1, 1, 1, 1, 1,
       1, 1, 1, 1, 1, 1, 1, 1, 1, 1, 1, 1, 1, 1, 1, 1, 1, 1, 1, 1, 1, 1,
       1, 1, 1, 1, 1, 1, 1, 1, 1, 1, 1, 1, 1, 1, 1, 1, 1, 1, 1, 1, 1, 1,
       1, 1, 1, 1, 1, 1, 1, 1, 1, 1, 1, 1, 1, 1, 1, 1, 1, 1, 1, 1, 1, 1,
       1, 1, 1, 1, 1, 1, 1, 1, 1, 1, 1, 1, 1]))
FDTC of word 0: 0
FDTC of word 1: 0
FDTC of word 2: 0
FDTC of word 3: 1/2
FDTC of word 4: 1/2
FDTC of word 5: 1/2
FDTC of word 6: 1/2
FDTC of word 7: 2/3
FDTC of word 8: 1
FDTC of word 9: 1
FDTC of word 10: 1
FDTC of word 11: 1
FDTC of word 12: 1
FDTC of word 13: 1
FDTC of word 14: 1
FDTC of word 15: 1
FDTC of word 16: 1
FDTC of word 17: 1
FDTC of word 18: 1
FDTC of word 19: 1
FDTC of word 20: 1
FDTC of word 21: 0
FDTC of word 22: 1
FDTC of word 23: 1
FDTC of word 24: 1
FDTC of word 25: 2
FDTC of word 26: 2
FDTC of word 27: 2
FDTC of word 28: 2
FDTC of word 29: 2
FDTC of word 30: 2
FDTC of word 31: 2
FDTC of word 32: 2
FDTC of word 33: 2
FDTC of word 34: 3
FDTC of word 35: 3
FDTC of word 36: 3
FDTC of word 37: 3
FDTC of word 38: 3
FDTC of word 39: 3
FDTC of word 40: 3
FDTC of word 41: 3
FDTC of word 42: 3
FDTC of word 43: 3
FDTC of word 44: 3
FDTC of word 45: 3
FDTC of word 46: 3
FDTC of word 47: 3
FDTC of word 48: 3
FDTC of word 49: 3
FDTC of word 50: 3
FDTC of word 51: 3
FDTC of word 52: 3
FDTC of word 53: 3
FDTC of word 54: 3
FDTC of word 55: 4
FDTC of word 56: 4
FDTC of word 57: 4
FDTC of word 58: 4
FDTC of word 59: 4
FDTC of word 60: 4
FDTC of word 61: 4
FDTC of word 62: 4
FDTC of word 63: 5
FDTC of word 64: 5
FDTC of word 65: 5
FDTC of word 66: 5
FDTC of word 67: 5
FDTC of word 68: 5
FDTC of word 69: 5
FDTC of word 70: 5
FDTC of word 71: 5
FDTC of word 72: 5
FDTC of word 73: 5
FDTC of word 74: 5
FDTC of word 75: 5
FDTC of word 76: 5
FDTC of word 77: 6
FDTC of word 78: 6
FDTC of word 79: 6
FDTC of word 80: 6
FDTC of word 81: 6
FDTC of word 82: 6
FDTC of word 83: 6
FDTC of word 84: 6
FDTC of word 85: 6
FDTC of word 86: 6
FDTC of word 87: 7
FDTC of word 88: 7
FDTC of word 89: 7
FDTC of word 90: 7
FDTC of word 91: 7
FDTC of word 92: 7
FDTC of word 93: 7
FDTC of word 94: 7
FDTC of word 95: 7
FDTC of word 96: 7
FDTC of word 97: 7
FDTC of word 98: 7
FDTC of word 99: 7
FDTC of word 100: 8
====FREQUENCY TABLE======
For Uniform distribution, in B_4 we have:
0      95.0%
1/2     4.0%
2/3     1.0%
Name: Fractional parts, dtype: object
====TRANSITION FREQUENCY TABLE======
For Uniform distribution, in B_4 we have:
(0, 0)        94.0%
(1/2, 1/2)     3.0%
(0, 1/2)       1.0%
(1/2, 2/3)     1.0%
(2/3, 0)       1.0%
Name: Transitions, dtype: object
