(array([3]), array([-1]))
(array([3, 3]), array([-1, -1]))
(array([3, 3, 1]), array([-1, -1, -1]))
(array([3, 3, 1, 3]), array([-1, -1, -1, -1]))
(array([3, 3, 1, 3, 3]), array([-1, -1, -1, -1, -1]))
(array([3, 3, 1, 3, 3, 2]), array([-1, -1, -1, -1, -1,  1]))
(array([3, 3, 1, 3, 3, 2, 2]), array([-1, -1, -1, -1, -1,  1, -1]))
(array([3, 3, 1, 3, 3, 2, 2, 1]), array([-1, -1, -1, -1, -1,  1, -1,  1]))
(array([3, 3, 1, 3, 3, 2, 2, 1, 2]), array([-1, -1, -1, -1, -1,  1, -1,  1, -1]))
(array([3, 3, 1, 3, 3, 2, 2, 1, 2, 1]), array([-1, -1, -1, -1, -1,  1, -1,  1, -1,  1]))
(array([3, 3, 1, 3, 3, 2, 2, 1, 2, 1, 1]), array([-1, -1, -1, -1, -1,  1, -1,  1, -1,  1, -1]))
(array([3, 3, 1, 3, 3, 2, 2, 1, 2, 1, 1, 1]), array([-1, -1, -1, -1, -1,  1, -1,  1, -1,  1, -1,  1]))
(array([3, 3, 1, 3, 3, 2, 2, 1, 2, 1, 1, 1, 1]), array([-1, -1, -1, -1, -1,  1, -1,  1, -1,  1, -1,  1, -1]))
(array([3, 3, 1, 3, 3, 2, 2, 1, 2, 1, 1, 1, 1, 1]), array([-1, -1, -1, -1, -1,  1, -1,  1, -1,  1, -1,  1, -1,  1]))
(array([3, 3, 1, 3, 3, 2, 2, 1, 2, 1, 1, 1, 1, 1, 2]), array([-1, -1, -1, -1, -1,  1, -1,  1, -1,  1, -1,  1, -1,  1, -1]))
(array([3, 3, 1, 3, 3, 2, 2, 1, 2, 1, 1, 1, 1, 1, 2, 2]), array([-1, -1, -1, -1, -1,  1, -1,  1, -1,  1, -1,  1, -1,  1, -1, -1]))
(array([3, 3, 1, 3, 3, 2, 2, 1, 2, 1, 1, 1, 1, 1, 2, 2, 1]), array([-1, -1, -1, -1, -1,  1, -1,  1, -1,  1, -1,  1, -1,  1, -1, -1,  1]))
(array([3, 3, 1, 3, 3, 2, 2, 1, 2, 1, 1, 1, 1, 1, 2, 2, 1, 1]), array([-1, -1, -1, -1, -1,  1, -1,  1, -1,  1, -1,  1, -1,  1, -1, -1,  1,
        1]))
(array([3, 3, 1, 3, 3, 2, 2, 1, 2, 1, 1, 1, 1, 1, 2, 2, 1, 1, 2]), array([-1, -1, -1, -1, -1,  1, -1,  1, -1,  1, -1,  1, -1,  1, -1, -1,  1,
        1, -1]))
(array([3, 3, 1, 3, 3, 2, 2, 1, 2, 1, 1, 1, 1, 1, 2, 2, 1, 1, 2, 1]), array([-1, -1, -1, -1, -1,  1, -1,  1, -1,  1, -1,  1, -1,  1, -1, -1,  1,
        1, -1, -1]))
(array([3, 3, 1, 3, 3, 2, 2, 1, 2, 1, 1, 1, 1, 1, 2, 2, 1, 1, 2, 1, 2]), array([-1, -1, -1, -1, -1,  1, -1,  1, -1,  1, -1,  1, -1,  1, -1, -1,  1,
        1, -1, -1,  1]))
(array([3, 3, 1, 3, 3, 2, 2, 1, 2, 1, 1, 1, 1, 1, 2, 2, 1, 1, 2, 1, 2, 2]), array([-1, -1, -1, -1, -1,  1, -1,  1, -1,  1, -1,  1, -1,  1, -1, -1,  1,
        1, -1, -1,  1,  1]))
(array([3, 3, 1, 3, 3, 2, 2, 1, 2, 1, 1, 1, 1, 1, 2, 2, 1, 1, 2, 1, 2, 2,
       1]), array([-1, -1, -1, -1, -1,  1, -1,  1, -1,  1, -1,  1, -1,  1, -1, -1,  1,
        1, -1, -1,  1,  1, -1]))
(array([3, 3, 1, 3, 3, 2, 2, 1, 2, 1, 1, 1, 1, 1, 2, 2, 1, 1, 2, 1, 2, 2,
       1, 1]), array([-1, -1, -1, -1, -1,  1, -1,  1, -1,  1, -1,  1, -1,  1, -1, -1,  1,
        1, -1, -1,  1,  1, -1, -1]))
(array([3, 3, 1, 3, 3, 2, 2, 1, 2, 1, 1, 1, 1, 1, 2, 2, 1, 1, 2, 1, 2, 2,
       1, 1, 2]), array([-1, -1, -1, -1, -1,  1, -1,  1, -1,  1, -1,  1, -1,  1, -1, -1,  1,
        1, -1, -1,  1,  1, -1, -1, -1]))
(array([3, 3, 1, 3, 3, 2, 2, 1, 2, 1, 1, 1, 1, 1, 2, 2, 1, 1, 2, 1, 2, 2,
       1, 1, 2, 2]), array([-1, -1, -1, -1, -1,  1, -1,  1, -1,  1, -1,  1, -1,  1, -1, -1,  1,
        1, -1, -1,  1,  1, -1, -1, -1, -1]))
(array([3, 3, 1, 3, 3, 2, 2, 1, 2, 1, 1, 1, 1, 1, 2, 2, 1, 1, 2, 1, 2, 2,
       1, 1, 2, 2, 4]), array([-1, -1, -1, -1, -1,  1, -1,  1, -1,  1, -1,  1, -1,  1, -1, -1,  1,
        1, -1, -1,  1,  1, -1, -1, -1, -1, -1]))
(array([3, 3, 1, 3, 3, 2, 2, 1, 2, 1, 1, 1, 1, 1, 2, 2, 1, 1, 2, 1, 2, 2,
       1, 1, 2, 2, 4, 2]), array([-1, -1, -1, -1, -1,  1, -1,  1, -1,  1, -1,  1, -1,  1, -1, -1,  1,
        1, -1, -1,  1,  1, -1, -1, -1, -1, -1,  1]))
(array([3, 3, 1, 3, 3, 2, 2, 1, 2, 1, 1, 1, 1, 1, 2, 2, 1, 1, 2, 1, 2, 2,
       1, 1, 2, 2, 4, 2, 1]), array([-1, -1, -1, -1, -1,  1, -1,  1, -1,  1, -1,  1, -1,  1, -1, -1,  1,
        1, -1, -1,  1,  1, -1, -1, -1, -1, -1,  1, -1]))
(array([3, 3, 1, 3, 3, 2, 2, 1, 2, 1, 1, 1, 1, 1, 2, 2, 1, 1, 2, 1, 2, 2,
       1, 1, 2, 2, 4, 2, 1, 1]), array([-1, -1, -1, -1, -1,  1, -1,  1, -1,  1, -1,  1, -1,  1, -1, -1,  1,
        1, -1, -1,  1,  1, -1, -1, -1, -1, -1,  1, -1, -1]))
(array([3, 3, 1, 3, 3, 2, 2, 1, 2, 1, 1, 1, 1, 1, 2, 2, 1, 1, 2, 1, 2, 2,
       1, 1, 2, 2, 4, 2, 1, 1, 4]), array([-1, -1, -1, -1, -1,  1, -1,  1, -1,  1, -1,  1, -1,  1, -1, -1,  1,
        1, -1, -1,  1,  1, -1, -1, -1, -1, -1,  1, -1, -1, -1]))
(array([3, 3, 1, 3, 3, 2, 2, 1, 2, 1, 1, 1, 1, 1, 2, 2, 1, 1, 2, 1, 2, 2,
       1, 1, 2, 2, 4, 2, 1, 1, 4, 3]), array([-1, -1, -1, -1, -1,  1, -1,  1, -1,  1, -1,  1, -1,  1, -1, -1,  1,
        1, -1, -1,  1,  1, -1, -1, -1, -1, -1,  1, -1, -1, -1,  1]))
(array([3, 3, 1, 3, 3, 2, 2, 1, 2, 1, 1, 1, 1, 1, 2, 2, 1, 1, 2, 1, 2, 2,
       1, 1, 2, 2, 4, 2, 1, 1, 4, 3, 2]), array([-1, -1, -1, -1, -1,  1, -1,  1, -1,  1, -1,  1, -1,  1, -1, -1,  1,
        1, -1, -1,  1,  1, -1, -1, -1, -1, -1,  1, -1, -1, -1,  1,  1]))
(array([3, 3, 1, 3, 3, 2, 2, 1, 2, 1, 1, 1, 1, 1, 2, 2, 1, 1, 2, 1, 2, 2,
       1, 1, 2, 2, 4, 2, 1, 1, 4, 3, 2, 2]), array([-1, -1, -1, -1, -1,  1, -1,  1, -1,  1, -1,  1, -1,  1, -1, -1,  1,
        1, -1, -1,  1,  1, -1, -1, -1, -1, -1,  1, -1, -1, -1,  1,  1,  1]))
(array([3, 3, 1, 3, 3, 2, 2, 1, 2, 1, 1, 1, 1, 1, 2, 2, 1, 1, 2, 1, 2, 2,
       1, 1, 2, 2, 4, 2, 1, 1, 4, 3, 2, 2, 2]), array([-1, -1, -1, -1, -1,  1, -1,  1, -1,  1, -1,  1, -1,  1, -1, -1,  1,
        1, -1, -1,  1,  1, -1, -1, -1, -1, -1,  1, -1, -1, -1,  1,  1,  1,
       -1]))
(array([3, 3, 1, 3, 3, 2, 2, 1, 2, 1, 1, 1, 1, 1, 2, 2, 1, 1, 2, 1, 2, 2,
       1, 1, 2, 2, 4, 2, 1, 1, 4, 3, 2, 2, 2, 3]), array([-1, -1, -1, -1, -1,  1, -1,  1, -1,  1, -1,  1, -1,  1, -1, -1,  1,
        1, -1, -1,  1,  1, -1, -1, -1, -1, -1,  1, -1, -1, -1,  1,  1,  1,
       -1,  1]))
(array([3, 3, 1, 3, 3, 2, 2, 1, 2, 1, 1, 1, 1, 1, 2, 2, 1, 1, 2, 1, 2, 2,
       1, 1, 2, 2, 4, 2, 1, 1, 4, 3, 2, 2, 2, 3, 3]), array([-1, -1, -1, -1, -1,  1, -1,  1, -1,  1, -1,  1, -1,  1, -1, -1,  1,
        1, -1, -1,  1,  1, -1, -1, -1, -1, -1,  1, -1, -1, -1,  1,  1,  1,
       -1,  1, -1]))
(array([3, 3, 1, 3, 3, 2, 2, 1, 2, 1, 1, 1, 1, 1, 2, 2, 1, 1, 2, 1, 2, 2,
       1, 1, 2, 2, 4, 2, 1, 1, 4, 3, 2, 2, 2, 3, 3, 2]), array([-1, -1, -1, -1, -1,  1, -1,  1, -1,  1, -1,  1, -1,  1, -1, -1,  1,
        1, -1, -1,  1,  1, -1, -1, -1, -1, -1,  1, -1, -1, -1,  1,  1,  1,
       -1,  1, -1, -1]))
(array([3, 3, 1, 3, 3, 2, 2, 1, 2, 1, 1, 1, 1, 1, 2, 2, 1, 1, 2, 1, 2, 2,
       1, 1, 2, 2, 4, 2, 1, 1, 4, 3, 2, 2, 2, 3, 3, 2, 4]), array([-1, -1, -1, -1, -1,  1, -1,  1, -1,  1, -1,  1, -1,  1, -1, -1,  1,
        1, -1, -1,  1,  1, -1, -1, -1, -1, -1,  1, -1, -1, -1,  1,  1,  1,
       -1,  1, -1, -1, -1]))
(array([3, 3, 1, 3, 3, 2, 2, 1, 2, 1, 1, 1, 1, 1, 2, 2, 1, 1, 2, 1, 2, 2,
       1, 1, 2, 2, 4, 2, 1, 1, 4, 3, 2, 2, 2, 3, 3, 2, 4, 2]), array([-1, -1, -1, -1, -1,  1, -1,  1, -1,  1, -1,  1, -1,  1, -1, -1,  1,
        1, -1, -1,  1,  1, -1, -1, -1, -1, -1,  1, -1, -1, -1,  1,  1,  1,
       -1,  1, -1, -1, -1, -1]))
(array([3, 3, 1, 3, 3, 2, 2, 1, 2, 1, 1, 1, 1, 1, 2, 2, 1, 1, 2, 1, 2, 2,
       1, 1, 2, 2, 4, 2, 1, 1, 4, 3, 2, 2, 2, 3, 3, 2, 4, 2, 1]), array([-1, -1, -1, -1, -1,  1, -1,  1, -1,  1, -1,  1, -1,  1, -1, -1,  1,
        1, -1, -1,  1,  1, -1, -1, -1, -1, -1,  1, -1, -1, -1,  1,  1,  1,
       -1,  1, -1, -1, -1, -1, -1]))
(array([3, 3, 1, 3, 3, 2, 2, 1, 2, 1, 1, 1, 1, 1, 2, 2, 1, 1, 2, 1, 2, 2,
       1, 1, 2, 2, 4, 2, 1, 1, 4, 3, 2, 2, 2, 3, 3, 2, 4, 2, 1, 1]), array([-1, -1, -1, -1, -1,  1, -1,  1, -1,  1, -1,  1, -1,  1, -1, -1,  1,
        1, -1, -1,  1,  1, -1, -1, -1, -1, -1,  1, -1, -1, -1,  1,  1,  1,
       -1,  1, -1, -1, -1, -1, -1, -1]))
(array([3, 3, 1, 3, 3, 2, 2, 1, 2, 1, 1, 1, 1, 1, 2, 2, 1, 1, 2, 1, 2, 2,
       1, 1, 2, 2, 4, 2, 1, 1, 4, 3, 2, 2, 2, 3, 3, 2, 4, 2, 1, 1, 3]), array([-1, -1, -1, -1, -1,  1, -1,  1, -1,  1, -1,  1, -1,  1, -1, -1,  1,
        1, -1, -1,  1,  1, -1, -1, -1, -1, -1,  1, -1, -1, -1,  1,  1,  1,
       -1,  1, -1, -1, -1, -1, -1, -1, -1]))
(array([3, 3, 1, 3, 3, 2, 2, 1, 2, 1, 1, 1, 1, 1, 2, 2, 1, 1, 2, 1, 2, 2,
       1, 1, 2, 2, 4, 2, 1, 1, 4, 3, 2, 2, 2, 3, 3, 2, 4, 2, 1, 1, 3, 1]), array([-1, -1, -1, -1, -1,  1, -1,  1, -1,  1, -1,  1, -1,  1, -1, -1,  1,
        1, -1, -1,  1,  1, -1, -1, -1, -1, -1,  1, -1, -1, -1,  1,  1,  1,
       -1,  1, -1, -1, -1, -1, -1, -1, -1, -1]))
(array([3, 3, 1, 3, 3, 2, 2, 1, 2, 1, 1, 1, 1, 1, 2, 2, 1, 1, 2, 1, 2, 2,
       1, 1, 2, 2, 4, 2, 1, 1, 4, 3, 2, 2, 2, 3, 3, 2, 4, 2, 1, 1, 3, 1,
       1]), array([-1, -1, -1, -1, -1,  1, -1,  1, -1,  1, -1,  1, -1,  1, -1, -1,  1,
        1, -1, -1,  1,  1, -1, -1, -1, -1, -1,  1, -1, -1, -1,  1,  1,  1,
       -1,  1, -1, -1, -1, -1, -1, -1, -1, -1, -1]))
(array([3, 3, 1, 3, 3, 2, 2, 1, 2, 1, 1, 1, 1, 1, 2, 2, 1, 1, 2, 1, 2, 2,
       1, 1, 2, 2, 4, 2, 1, 1, 4, 3, 2, 2, 2, 3, 3, 2, 4, 2, 1, 1, 3, 1,
       1, 2]), array([-1, -1, -1, -1, -1,  1, -1,  1, -1,  1, -1,  1, -1,  1, -1, -1,  1,
        1, -1, -1,  1,  1, -1, -1, -1, -1, -1,  1, -1, -1, -1,  1,  1,  1,
       -1,  1, -1, -1, -1, -1, -1, -1, -1, -1, -1, -1]))
(array([3, 3, 1, 3, 3, 2, 2, 1, 2, 1, 1, 1, 1, 1, 2, 2, 1, 1, 2, 1, 2, 2,
       1, 1, 2, 2, 4, 2, 1, 1, 4, 3, 2, 2, 2, 3, 3, 2, 4, 2, 1, 1, 3, 1,
       1, 2, 1]), array([-1, -1, -1, -1, -1,  1, -1,  1, -1,  1, -1,  1, -1,  1, -1, -1,  1,
        1, -1, -1,  1,  1, -1, -1, -1, -1, -1,  1, -1, -1, -1,  1,  1,  1,
       -1,  1, -1, -1, -1, -1, -1, -1, -1, -1, -1, -1, -1]))
(array([3, 3, 1, 3, 3, 2, 2, 1, 2, 1, 1, 1, 1, 1, 2, 2, 1, 1, 2, 1, 2, 2,
       1, 1, 2, 2, 4, 2, 1, 1, 4, 3, 2, 2, 2, 3, 3, 2, 4, 2, 1, 1, 3, 1,
       1, 2, 1, 1]), array([-1, -1, -1, -1, -1,  1, -1,  1, -1,  1, -1,  1, -1,  1, -1, -1,  1,
        1, -1, -1,  1,  1, -1, -1, -1, -1, -1,  1, -1, -1, -1,  1,  1,  1,
       -1,  1, -1, -1, -1, -1, -1, -1, -1, -1, -1, -1, -1,  1]))
(array([3, 3, 1, 3, 3, 2, 2, 1, 2, 1, 1, 1, 1, 1, 2, 2, 1, 1, 2, 1, 2, 2,
       1, 1, 2, 2, 4, 2, 1, 1, 4, 3, 2, 2, 2, 3, 3, 2, 4, 2, 1, 1, 3, 1,
       1, 2, 1, 1, 3]), array([-1, -1, -1, -1, -1,  1, -1,  1, -1,  1, -1,  1, -1,  1, -1, -1,  1,
        1, -1, -1,  1,  1, -1, -1, -1, -1, -1,  1, -1, -1, -1,  1,  1,  1,
       -1,  1, -1, -1, -1, -1, -1, -1, -1, -1, -1, -1, -1,  1, -1]))
(array([3, 3, 1, 3, 3, 2, 2, 1, 2, 1, 1, 1, 1, 1, 2, 2, 1, 1, 2, 1, 2, 2,
       1, 1, 2, 2, 4, 2, 1, 1, 4, 3, 2, 2, 2, 3, 3, 2, 4, 2, 1, 1, 3, 1,
       1, 2, 1, 1, 3, 1]), array([-1, -1, -1, -1, -1,  1, -1,  1, -1,  1, -1,  1, -1,  1, -1, -1,  1,
        1, -1, -1,  1,  1, -1, -1, -1, -1, -1,  1, -1, -1, -1,  1,  1,  1,
       -1,  1, -1, -1, -1, -1, -1, -1, -1, -1, -1, -1, -1,  1, -1, -1]))
(array([3, 3, 1, 3, 3, 2, 2, 1, 2, 1, 1, 1, 1, 1, 2, 2, 1, 1, 2, 1, 2, 2,
       1, 1, 2, 2, 4, 2, 1, 1, 4, 3, 2, 2, 2, 3, 3, 2, 4, 2, 1, 1, 3, 1,
       1, 2, 1, 1, 3, 1, 4]), array([-1, -1, -1, -1, -1,  1, -1,  1, -1,  1, -1,  1, -1,  1, -1, -1,  1,
        1, -1, -1,  1,  1, -1, -1, -1, -1, -1,  1, -1, -1, -1,  1,  1,  1,
       -1,  1, -1, -1, -1, -1, -1, -1, -1, -1, -1, -1, -1,  1, -1, -1, -1]))
(array([3, 3, 1, 3, 3, 2, 2, 1, 2, 1, 1, 1, 1, 1, 2, 2, 1, 1, 2, 1, 2, 2,
       1, 1, 2, 2, 4, 2, 1, 1, 4, 3, 2, 2, 2, 3, 3, 2, 4, 2, 1, 1, 3, 1,
       1, 2, 1, 1, 3, 1, 4, 2]), array([-1, -1, -1, -1, -1,  1, -1,  1, -1,  1, -1,  1, -1,  1, -1, -1,  1,
        1, -1, -1,  1,  1, -1, -1, -1, -1, -1,  1, -1, -1, -1,  1,  1,  1,
       -1,  1, -1, -1, -1, -1, -1, -1, -1, -1, -1, -1, -1,  1, -1, -1, -1,
       -1]))
(array([3, 3, 1, 3, 3, 2, 2, 1, 2, 1, 1, 1, 1, 1, 2, 2, 1, 1, 2, 1, 2, 2,
       1, 1, 2, 2, 4, 2, 1, 1, 4, 3, 2, 2, 2, 3, 3, 2, 4, 2, 1, 1, 3, 1,
       1, 2, 1, 1, 3, 1, 4, 2, 3]), array([-1, -1, -1, -1, -1,  1, -1,  1, -1,  1, -1,  1, -1,  1, -1, -1,  1,
        1, -1, -1,  1,  1, -1, -1, -1, -1, -1,  1, -1, -1, -1,  1,  1,  1,
       -1,  1, -1, -1, -1, -1, -1, -1, -1, -1, -1, -1, -1,  1, -1, -1, -1,
       -1,  1]))
(array([3, 3, 1, 3, 3, 2, 2, 1, 2, 1, 1, 1, 1, 1, 2, 2, 1, 1, 2, 1, 2, 2,
       1, 1, 2, 2, 4, 2, 1, 1, 4, 3, 2, 2, 2, 3, 3, 2, 4, 2, 1, 1, 3, 1,
       1, 2, 1, 1, 3, 1, 4, 2, 3, 1]), array([-1, -1, -1, -1, -1,  1, -1,  1, -1,  1, -1,  1, -1,  1, -1, -1,  1,
        1, -1, -1,  1,  1, -1, -1, -1, -1, -1,  1, -1, -1, -1,  1,  1,  1,
       -1,  1, -1, -1, -1, -1, -1, -1, -1, -1, -1, -1, -1,  1, -1, -1, -1,
       -1,  1, -1]))
(array([3, 3, 1, 3, 3, 2, 2, 1, 2, 1, 1, 1, 1, 1, 2, 2, 1, 1, 2, 1, 2, 2,
       1, 1, 2, 2, 4, 2, 1, 1, 4, 3, 2, 2, 2, 3, 3, 2, 4, 2, 1, 1, 3, 1,
       1, 2, 1, 1, 3, 1, 4, 2, 3, 1, 1]), array([-1, -1, -1, -1, -1,  1, -1,  1, -1,  1, -1,  1, -1,  1, -1, -1,  1,
        1, -1, -1,  1,  1, -1, -1, -1, -1, -1,  1, -1, -1, -1,  1,  1,  1,
       -1,  1, -1, -1, -1, -1, -1, -1, -1, -1, -1, -1, -1,  1, -1, -1, -1,
       -1,  1, -1,  1]))
(array([3, 3, 1, 3, 3, 2, 2, 1, 2, 1, 1, 1, 1, 1, 2, 2, 1, 1, 2, 1, 2, 2,
       1, 1, 2, 2, 4, 2, 1, 1, 4, 3, 2, 2, 2, 3, 3, 2, 4, 2, 1, 1, 3, 1,
       1, 2, 1, 1, 3, 1, 4, 2, 3, 1, 1, 4]), array([-1, -1, -1, -1, -1,  1, -1,  1, -1,  1, -1,  1, -1,  1, -1, -1,  1,
        1, -1, -1,  1,  1, -1, -1, -1, -1, -1,  1, -1, -1, -1,  1,  1,  1,
       -1,  1, -1, -1, -1, -1, -1, -1, -1, -1, -1, -1, -1,  1, -1, -1, -1,
       -1,  1, -1,  1, -1]))
(array([3, 3, 1, 3, 3, 2, 2, 1, 2, 1, 1, 1, 1, 1, 2, 2, 1, 1, 2, 1, 2, 2,
       1, 1, 2, 2, 4, 2, 1, 1, 4, 3, 2, 2, 2, 3, 3, 2, 4, 2, 1, 1, 3, 1,
       1, 2, 1, 1, 3, 1, 4, 2, 3, 1, 1, 4, 4]), array([-1, -1, -1, -1, -1,  1, -1,  1, -1,  1, -1,  1, -1,  1, -1, -1,  1,
        1, -1, -1,  1,  1, -1, -1, -1, -1, -1,  1, -1, -1, -1,  1,  1,  1,
       -1,  1, -1, -1, -1, -1, -1, -1, -1, -1, -1, -1, -1,  1, -1, -1, -1,
       -1,  1, -1,  1, -1,  1]))
(array([3, 3, 1, 3, 3, 2, 2, 1, 2, 1, 1, 1, 1, 1, 2, 2, 1, 1, 2, 1, 2, 2,
       1, 1, 2, 2, 4, 2, 1, 1, 4, 3, 2, 2, 2, 3, 3, 2, 4, 2, 1, 1, 3, 1,
       1, 2, 1, 1, 3, 1, 4, 2, 3, 1, 1, 4, 4, 1]), array([-1, -1, -1, -1, -1,  1, -1,  1, -1,  1, -1,  1, -1,  1, -1, -1,  1,
        1, -1, -1,  1,  1, -1, -1, -1, -1, -1,  1, -1, -1, -1,  1,  1,  1,
       -1,  1, -1, -1, -1, -1, -1, -1, -1, -1, -1, -1, -1,  1, -1, -1, -1,
       -1,  1, -1,  1, -1,  1,  1]))
(array([3, 3, 1, 3, 3, 2, 2, 1, 2, 1, 1, 1, 1, 1, 2, 2, 1, 1, 2, 1, 2, 2,
       1, 1, 2, 2, 4, 2, 1, 1, 4, 3, 2, 2, 2, 3, 3, 2, 4, 2, 1, 1, 3, 1,
       1, 2, 1, 1, 3, 1, 4, 2, 3, 1, 1, 4, 4, 1, 3]), array([-1, -1, -1, -1, -1,  1, -1,  1, -1,  1, -1,  1, -1,  1, -1, -1,  1,
        1, -1, -1,  1,  1, -1, -1, -1, -1, -1,  1, -1, -1, -1,  1,  1,  1,
       -1,  1, -1, -1, -1, -1, -1, -1, -1, -1, -1, -1, -1,  1, -1, -1, -1,
       -1,  1, -1,  1, -1,  1,  1,  1]))
(array([3, 3, 1, 3, 3, 2, 2, 1, 2, 1, 1, 1, 1, 1, 2, 2, 1, 1, 2, 1, 2, 2,
       1, 1, 2, 2, 4, 2, 1, 1, 4, 3, 2, 2, 2, 3, 3, 2, 4, 2, 1, 1, 3, 1,
       1, 2, 1, 1, 3, 1, 4, 2, 3, 1, 1, 4, 4, 1, 3, 1]), array([-1, -1, -1, -1, -1,  1, -1,  1, -1,  1, -1,  1, -1,  1, -1, -1,  1,
        1, -1, -1,  1,  1, -1, -1, -1, -1, -1,  1, -1, -1, -1,  1,  1,  1,
       -1,  1, -1, -1, -1, -1, -1, -1, -1, -1, -1, -1, -1,  1, -1, -1, -1,
       -1,  1, -1,  1, -1,  1,  1,  1,  1]))
(array([3, 3, 1, 3, 3, 2, 2, 1, 2, 1, 1, 1, 1, 1, 2, 2, 1, 1, 2, 1, 2, 2,
       1, 1, 2, 2, 4, 2, 1, 1, 4, 3, 2, 2, 2, 3, 3, 2, 4, 2, 1, 1, 3, 1,
       1, 2, 1, 1, 3, 1, 4, 2, 3, 1, 1, 4, 4, 1, 3, 1, 1]), array([-1, -1, -1, -1, -1,  1, -1,  1, -1,  1, -1,  1, -1,  1, -1, -1,  1,
        1, -1, -1,  1,  1, -1, -1, -1, -1, -1,  1, -1, -1, -1,  1,  1,  1,
       -1,  1, -1, -1, -1, -1, -1, -1, -1, -1, -1, -1, -1,  1, -1, -1, -1,
       -1,  1, -1,  1, -1,  1,  1,  1,  1, -1]))
(array([3, 3, 1, 3, 3, 2, 2, 1, 2, 1, 1, 1, 1, 1, 2, 2, 1, 1, 2, 1, 2, 2,
       1, 1, 2, 2, 4, 2, 1, 1, 4, 3, 2, 2, 2, 3, 3, 2, 4, 2, 1, 1, 3, 1,
       1, 2, 1, 1, 3, 1, 4, 2, 3, 1, 1, 4, 4, 1, 3, 1, 1, 2]), array([-1, -1, -1, -1, -1,  1, -1,  1, -1,  1, -1,  1, -1,  1, -1, -1,  1,
        1, -1, -1,  1,  1, -1, -1, -1, -1, -1,  1, -1, -1, -1,  1,  1,  1,
       -1,  1, -1, -1, -1, -1, -1, -1, -1, -1, -1, -1, -1,  1, -1, -1, -1,
       -1,  1, -1,  1, -1,  1,  1,  1,  1, -1, -1]))
(array([3, 3, 1, 3, 3, 2, 2, 1, 2, 1, 1, 1, 1, 1, 2, 2, 1, 1, 2, 1, 2, 2,
       1, 1, 2, 2, 4, 2, 1, 1, 4, 3, 2, 2, 2, 3, 3, 2, 4, 2, 1, 1, 3, 1,
       1, 2, 1, 1, 3, 1, 4, 2, 3, 1, 1, 4, 4, 1, 3, 1, 1, 2, 4]), array([-1, -1, -1, -1, -1,  1, -1,  1, -1,  1, -1,  1, -1,  1, -1, -1,  1,
        1, -1, -1,  1,  1, -1, -1, -1, -1, -1,  1, -1, -1, -1,  1,  1,  1,
       -1,  1, -1, -1, -1, -1, -1, -1, -1, -1, -1, -1, -1,  1, -1, -1, -1,
       -1,  1, -1,  1, -1,  1,  1,  1,  1, -1, -1, -1]))
(array([3, 3, 1, 3, 3, 2, 2, 1, 2, 1, 1, 1, 1, 1, 2, 2, 1, 1, 2, 1, 2, 2,
       1, 1, 2, 2, 4, 2, 1, 1, 4, 3, 2, 2, 2, 3, 3, 2, 4, 2, 1, 1, 3, 1,
       1, 2, 1, 1, 3, 1, 4, 2, 3, 1, 1, 4, 4, 1, 3, 1, 1, 2, 4, 4]), array([-1, -1, -1, -1, -1,  1, -1,  1, -1,  1, -1,  1, -1,  1, -1, -1,  1,
        1, -1, -1,  1,  1, -1, -1, -1, -1, -1,  1, -1, -1, -1,  1,  1,  1,
       -1,  1, -1, -1, -1, -1, -1, -1, -1, -1, -1, -1, -1,  1, -1, -1, -1,
       -1,  1, -1,  1, -1,  1,  1,  1,  1, -1, -1, -1,  1]))
(array([3, 3, 1, 3, 3, 2, 2, 1, 2, 1, 1, 1, 1, 1, 2, 2, 1, 1, 2, 1, 2, 2,
       1, 1, 2, 2, 4, 2, 1, 1, 4, 3, 2, 2, 2, 3, 3, 2, 4, 2, 1, 1, 3, 1,
       1, 2, 1, 1, 3, 1, 4, 2, 3, 1, 1, 4, 4, 1, 3, 1, 1, 2, 4, 4, 3]), array([-1, -1, -1, -1, -1,  1, -1,  1, -1,  1, -1,  1, -1,  1, -1, -1,  1,
        1, -1, -1,  1,  1, -1, -1, -1, -1, -1,  1, -1, -1, -1,  1,  1,  1,
       -1,  1, -1, -1, -1, -1, -1, -1, -1, -1, -1, -1, -1,  1, -1, -1, -1,
       -1,  1, -1,  1, -1,  1,  1,  1,  1, -1, -1, -1,  1,  1]))
(array([3, 3, 1, 3, 3, 2, 2, 1, 2, 1, 1, 1, 1, 1, 2, 2, 1, 1, 2, 1, 2, 2,
       1, 1, 2, 2, 4, 2, 1, 1, 4, 3, 2, 2, 2, 3, 3, 2, 4, 2, 1, 1, 3, 1,
       1, 2, 1, 1, 3, 1, 4, 2, 3, 1, 1, 4, 4, 1, 3, 1, 1, 2, 4, 4, 3, 3]), array([-1, -1, -1, -1, -1,  1, -1,  1, -1,  1, -1,  1, -1,  1, -1, -1,  1,
        1, -1, -1,  1,  1, -1, -1, -1, -1, -1,  1, -1, -1, -1,  1,  1,  1,
       -1,  1, -1, -1, -1, -1, -1, -1, -1, -1, -1, -1, -1,  1, -1, -1, -1,
       -1,  1, -1,  1, -1,  1,  1,  1,  1, -1, -1, -1,  1,  1, -1]))
(array([3, 3, 1, 3, 3, 2, 2, 1, 2, 1, 1, 1, 1, 1, 2, 2, 1, 1, 2, 1, 2, 2,
       1, 1, 2, 2, 4, 2, 1, 1, 4, 3, 2, 2, 2, 3, 3, 2, 4, 2, 1, 1, 3, 1,
       1, 2, 1, 1, 3, 1, 4, 2, 3, 1, 1, 4, 4, 1, 3, 1, 1, 2, 4, 4, 3, 3,
       2]), array([-1, -1, -1, -1, -1,  1, -1,  1, -1,  1, -1,  1, -1,  1, -1, -1,  1,
        1, -1, -1,  1,  1, -1, -1, -1, -1, -1,  1, -1, -1, -1,  1,  1,  1,
       -1,  1, -1, -1, -1, -1, -1, -1, -1, -1, -1, -1, -1,  1, -1, -1, -1,
       -1,  1, -1,  1, -1,  1,  1,  1,  1, -1, -1, -1,  1,  1, -1, -1]))
(array([3, 3, 1, 3, 3, 2, 2, 1, 2, 1, 1, 1, 1, 1, 2, 2, 1, 1, 2, 1, 2, 2,
       1, 1, 2, 2, 4, 2, 1, 1, 4, 3, 2, 2, 2, 3, 3, 2, 4, 2, 1, 1, 3, 1,
       1, 2, 1, 1, 3, 1, 4, 2, 3, 1, 1, 4, 4, 1, 3, 1, 1, 2, 4, 4, 3, 3,
       2, 2]), array([-1, -1, -1, -1, -1,  1, -1,  1, -1,  1, -1,  1, -1,  1, -1, -1,  1,
        1, -1, -1,  1,  1, -1, -1, -1, -1, -1,  1, -1, -1, -1,  1,  1,  1,
       -1,  1, -1, -1, -1, -1, -1, -1, -1, -1, -1, -1, -1,  1, -1, -1, -1,
       -1,  1, -1,  1, -1,  1,  1,  1,  1, -1, -1, -1,  1,  1, -1, -1,  1]))
(array([3, 3, 1, 3, 3, 2, 2, 1, 2, 1, 1, 1, 1, 1, 2, 2, 1, 1, 2, 1, 2, 2,
       1, 1, 2, 2, 4, 2, 1, 1, 4, 3, 2, 2, 2, 3, 3, 2, 4, 2, 1, 1, 3, 1,
       1, 2, 1, 1, 3, 1, 4, 2, 3, 1, 1, 4, 4, 1, 3, 1, 1, 2, 4, 4, 3, 3,
       2, 2, 2]), array([-1, -1, -1, -1, -1,  1, -1,  1, -1,  1, -1,  1, -1,  1, -1, -1,  1,
        1, -1, -1,  1,  1, -1, -1, -1, -1, -1,  1, -1, -1, -1,  1,  1,  1,
       -1,  1, -1, -1, -1, -1, -1, -1, -1, -1, -1, -1, -1,  1, -1, -1, -1,
       -1,  1, -1,  1, -1,  1,  1,  1,  1, -1, -1, -1,  1,  1, -1, -1,  1,
       -1]))
(array([3, 3, 1, 3, 3, 2, 2, 1, 2, 1, 1, 1, 1, 1, 2, 2, 1, 1, 2, 1, 2, 2,
       1, 1, 2, 2, 4, 2, 1, 1, 4, 3, 2, 2, 2, 3, 3, 2, 4, 2, 1, 1, 3, 1,
       1, 2, 1, 1, 3, 1, 4, 2, 3, 1, 1, 4, 4, 1, 3, 1, 1, 2, 4, 4, 3, 3,
       2, 2, 2, 3]), array([-1, -1, -1, -1, -1,  1, -1,  1, -1,  1, -1,  1, -1,  1, -1, -1,  1,
        1, -1, -1,  1,  1, -1, -1, -1, -1, -1,  1, -1, -1, -1,  1,  1,  1,
       -1,  1, -1, -1, -1, -1, -1, -1, -1, -1, -1, -1, -1,  1, -1, -1, -1,
       -1,  1, -1,  1, -1,  1,  1,  1,  1, -1, -1, -1,  1,  1, -1, -1,  1,
       -1, -1]))
(array([3, 3, 1, 3, 3, 2, 2, 1, 2, 1, 1, 1, 1, 1, 2, 2, 1, 1, 2, 1, 2, 2,
       1, 1, 2, 2, 4, 2, 1, 1, 4, 3, 2, 2, 2, 3, 3, 2, 4, 2, 1, 1, 3, 1,
       1, 2, 1, 1, 3, 1, 4, 2, 3, 1, 1, 4, 4, 1, 3, 1, 1, 2, 4, 4, 3, 3,
       2, 2, 2, 3, 2]), array([-1, -1, -1, -1, -1,  1, -1,  1, -1,  1, -1,  1, -1,  1, -1, -1,  1,
        1, -1, -1,  1,  1, -1, -1, -1, -1, -1,  1, -1, -1, -1,  1,  1,  1,
       -1,  1, -1, -1, -1, -1, -1, -1, -1, -1, -1, -1, -1,  1, -1, -1, -1,
       -1,  1, -1,  1, -1,  1,  1,  1,  1, -1, -1, -1,  1,  1, -1, -1,  1,
       -1, -1,  1]))
(array([3, 3, 1, 3, 3, 2, 2, 1, 2, 1, 1, 1, 1, 1, 2, 2, 1, 1, 2, 1, 2, 2,
       1, 1, 2, 2, 4, 2, 1, 1, 4, 3, 2, 2, 2, 3, 3, 2, 4, 2, 1, 1, 3, 1,
       1, 2, 1, 1, 3, 1, 4, 2, 3, 1, 1, 4, 4, 1, 3, 1, 1, 2, 4, 4, 3, 3,
       2, 2, 2, 3, 2, 2]), array([-1, -1, -1, -1, -1,  1, -1,  1, -1,  1, -1,  1, -1,  1, -1, -1,  1,
        1, -1, -1,  1,  1, -1, -1, -1, -1, -1,  1, -1, -1, -1,  1,  1,  1,
       -1,  1, -1, -1, -1, -1, -1, -1, -1, -1, -1, -1, -1,  1, -1, -1, -1,
       -1,  1, -1,  1, -1,  1,  1,  1,  1, -1, -1, -1,  1,  1, -1, -1,  1,
       -1, -1,  1, -1]))
(array([3, 3, 1, 3, 3, 2, 2, 1, 2, 1, 1, 1, 1, 1, 2, 2, 1, 1, 2, 1, 2, 2,
       1, 1, 2, 2, 4, 2, 1, 1, 4, 3, 2, 2, 2, 3, 3, 2, 4, 2, 1, 1, 3, 1,
       1, 2, 1, 1, 3, 1, 4, 2, 3, 1, 1, 4, 4, 1, 3, 1, 1, 2, 4, 4, 3, 3,
       2, 2, 2, 3, 2, 2, 1]), array([-1, -1, -1, -1, -1,  1, -1,  1, -1,  1, -1,  1, -1,  1, -1, -1,  1,
        1, -1, -1,  1,  1, -1, -1, -1, -1, -1,  1, -1, -1, -1,  1,  1,  1,
       -1,  1, -1, -1, -1, -1, -1, -1, -1, -1, -1, -1, -1,  1, -1, -1, -1,
       -1,  1, -1,  1, -1,  1,  1,  1,  1, -1, -1, -1,  1,  1, -1, -1,  1,
       -1, -1,  1, -1, -1]))
(array([3, 3, 1, 3, 3, 2, 2, 1, 2, 1, 1, 1, 1, 1, 2, 2, 1, 1, 2, 1, 2, 2,
       1, 1, 2, 2, 4, 2, 1, 1, 4, 3, 2, 2, 2, 3, 3, 2, 4, 2, 1, 1, 3, 1,
       1, 2, 1, 1, 3, 1, 4, 2, 3, 1, 1, 4, 4, 1, 3, 1, 1, 2, 4, 4, 3, 3,
       2, 2, 2, 3, 2, 2, 1, 3]), array([-1, -1, -1, -1, -1,  1, -1,  1, -1,  1, -1,  1, -1,  1, -1, -1,  1,
        1, -1, -1,  1,  1, -1, -1, -1, -1, -1,  1, -1, -1, -1,  1,  1,  1,
       -1,  1, -1, -1, -1, -1, -1, -1, -1, -1, -1, -1, -1,  1, -1, -1, -1,
       -1,  1, -1,  1, -1,  1,  1,  1,  1, -1, -1, -1,  1,  1, -1, -1,  1,
       -1, -1,  1, -1, -1,  1]))
(array([3, 3, 1, 3, 3, 2, 2, 1, 2, 1, 1, 1, 1, 1, 2, 2, 1, 1, 2, 1, 2, 2,
       1, 1, 2, 2, 4, 2, 1, 1, 4, 3, 2, 2, 2, 3, 3, 2, 4, 2, 1, 1, 3, 1,
       1, 2, 1, 1, 3, 1, 4, 2, 3, 1, 1, 4, 4, 1, 3, 1, 1, 2, 4, 4, 3, 3,
       2, 2, 2, 3, 2, 2, 1, 3, 3]), array([-1, -1, -1, -1, -1,  1, -1,  1, -1,  1, -1,  1, -1,  1, -1, -1,  1,
        1, -1, -1,  1,  1, -1, -1, -1, -1, -1,  1, -1, -1, -1,  1,  1,  1,
       -1,  1, -1, -1, -1, -1, -1, -1, -1, -1, -1, -1, -1,  1, -1, -1, -1,
       -1,  1, -1,  1, -1,  1,  1,  1,  1, -1, -1, -1,  1,  1, -1, -1,  1,
       -1, -1,  1, -1, -1,  1,  1]))
(array([3, 3, 1, 3, 3, 2, 2, 1, 2, 1, 1, 1, 1, 1, 2, 2, 1, 1, 2, 1, 2, 2,
       1, 1, 2, 2, 4, 2, 1, 1, 4, 3, 2, 2, 2, 3, 3, 2, 4, 2, 1, 1, 3, 1,
       1, 2, 1, 1, 3, 1, 4, 2, 3, 1, 1, 4, 4, 1, 3, 1, 1, 2, 4, 4, 3, 3,
       2, 2, 2, 3, 2, 2, 1, 3, 3, 1]), array([-1, -1, -1, -1, -1,  1, -1,  1, -1,  1, -1,  1, -1,  1, -1, -1,  1,
        1, -1, -1,  1,  1, -1, -1, -1, -1, -1,  1, -1, -1, -1,  1,  1,  1,
       -1,  1, -1, -1, -1, -1, -1, -1, -1, -1, -1, -1, -1,  1, -1, -1, -1,
       -1,  1, -1,  1, -1,  1,  1,  1,  1, -1, -1, -1,  1,  1, -1, -1,  1,
       -1, -1,  1, -1, -1,  1,  1, -1]))
(array([3, 3, 1, 3, 3, 2, 2, 1, 2, 1, 1, 1, 1, 1, 2, 2, 1, 1, 2, 1, 2, 2,
       1, 1, 2, 2, 4, 2, 1, 1, 4, 3, 2, 2, 2, 3, 3, 2, 4, 2, 1, 1, 3, 1,
       1, 2, 1, 1, 3, 1, 4, 2, 3, 1, 1, 4, 4, 1, 3, 1, 1, 2, 4, 4, 3, 3,
       2, 2, 2, 3, 2, 2, 1, 3, 3, 1, 1]), array([-1, -1, -1, -1, -1,  1, -1,  1, -1,  1, -1,  1, -1,  1, -1, -1,  1,
        1, -1, -1,  1,  1, -1, -1, -1, -1, -1,  1, -1, -1, -1,  1,  1,  1,
       -1,  1, -1, -1, -1, -1, -1, -1, -1, -1, -1, -1, -1,  1, -1, -1, -1,
       -1,  1, -1,  1, -1,  1,  1,  1,  1, -1, -1, -1,  1,  1, -1, -1,  1,
       -1, -1,  1, -1, -1,  1,  1, -1, -1]))
(array([3, 3, 1, 3, 3, 2, 2, 1, 2, 1, 1, 1, 1, 1, 2, 2, 1, 1, 2, 1, 2, 2,
       1, 1, 2, 2, 4, 2, 1, 1, 4, 3, 2, 2, 2, 3, 3, 2, 4, 2, 1, 1, 3, 1,
       1, 2, 1, 1, 3, 1, 4, 2, 3, 1, 1, 4, 4, 1, 3, 1, 1, 2, 4, 4, 3, 3,
       2, 2, 2, 3, 2, 2, 1, 3, 3, 1, 1, 2]), array([-1, -1, -1, -1, -1,  1, -1,  1, -1,  1, -1,  1, -1,  1, -1, -1,  1,
        1, -1, -1,  1,  1, -1, -1, -1, -1, -1,  1, -1, -1, -1,  1,  1,  1,
       -1,  1, -1, -1, -1, -1, -1, -1, -1, -1, -1, -1, -1,  1, -1, -1, -1,
       -1,  1, -1,  1, -1,  1,  1,  1,  1, -1, -1, -1,  1,  1, -1, -1,  1,
       -1, -1,  1, -1, -1,  1,  1, -1, -1,  1]))
(array([3, 3, 1, 3, 3, 2, 2, 1, 2, 1, 1, 1, 1, 1, 2, 2, 1, 1, 2, 1, 2, 2,
       1, 1, 2, 2, 4, 2, 1, 1, 4, 3, 2, 2, 2, 3, 3, 2, 4, 2, 1, 1, 3, 1,
       1, 2, 1, 1, 3, 1, 4, 2, 3, 1, 1, 4, 4, 1, 3, 1, 1, 2, 4, 4, 3, 3,
       2, 2, 2, 3, 2, 2, 1, 3, 3, 1, 1, 2, 2]), array([-1, -1, -1, -1, -1,  1, -1,  1, -1,  1, -1,  1, -1,  1, -1, -1,  1,
        1, -1, -1,  1,  1, -1, -1, -1, -1, -1,  1, -1, -1, -1,  1,  1,  1,
       -1,  1, -1, -1, -1, -1, -1, -1, -1, -1, -1, -1, -1,  1, -1, -1, -1,
       -1,  1, -1,  1, -1,  1,  1,  1,  1, -1, -1, -1,  1,  1, -1, -1,  1,
       -1, -1,  1, -1, -1,  1,  1, -1, -1,  1, -1]))
(array([3, 3, 1, 3, 3, 2, 2, 1, 2, 1, 1, 1, 1, 1, 2, 2, 1, 1, 2, 1, 2, 2,
       1, 1, 2, 2, 4, 2, 1, 1, 4, 3, 2, 2, 2, 3, 3, 2, 4, 2, 1, 1, 3, 1,
       1, 2, 1, 1, 3, 1, 4, 2, 3, 1, 1, 4, 4, 1, 3, 1, 1, 2, 4, 4, 3, 3,
       2, 2, 2, 3, 2, 2, 1, 3, 3, 1, 1, 2, 2, 2]), array([-1, -1, -1, -1, -1,  1, -1,  1, -1,  1, -1,  1, -1,  1, -1, -1,  1,
        1, -1, -1,  1,  1, -1, -1, -1, -1, -1,  1, -1, -1, -1,  1,  1,  1,
       -1,  1, -1, -1, -1, -1, -1, -1, -1, -1, -1, -1, -1,  1, -1, -1, -1,
       -1,  1, -1,  1, -1,  1,  1,  1,  1, -1, -1, -1,  1,  1, -1, -1,  1,
       -1, -1,  1, -1, -1,  1,  1, -1, -1,  1, -1,  1]))
(array([3, 3, 1, 3, 3, 2, 2, 1, 2, 1, 1, 1, 1, 1, 2, 2, 1, 1, 2, 1, 2, 2,
       1, 1, 2, 2, 4, 2, 1, 1, 4, 3, 2, 2, 2, 3, 3, 2, 4, 2, 1, 1, 3, 1,
       1, 2, 1, 1, 3, 1, 4, 2, 3, 1, 1, 4, 4, 1, 3, 1, 1, 2, 4, 4, 3, 3,
       2, 2, 2, 3, 2, 2, 1, 3, 3, 1, 1, 2, 2, 2, 1]), array([-1, -1, -1, -1, -1,  1, -1,  1, -1,  1, -1,  1, -1,  1, -1, -1,  1,
        1, -1, -1,  1,  1, -1, -1, -1, -1, -1,  1, -1, -1, -1,  1,  1,  1,
       -1,  1, -1, -1, -1, -1, -1, -1, -1, -1, -1, -1, -1,  1, -1, -1, -1,
       -1,  1, -1,  1, -1,  1,  1,  1,  1, -1, -1, -1,  1,  1, -1, -1,  1,
       -1, -1,  1, -1, -1,  1,  1, -1, -1,  1, -1,  1,  1]))
(array([3, 3, 1, 3, 3, 2, 2, 1, 2, 1, 1, 1, 1, 1, 2, 2, 1, 1, 2, 1, 2, 2,
       1, 1, 2, 2, 4, 2, 1, 1, 4, 3, 2, 2, 2, 3, 3, 2, 4, 2, 1, 1, 3, 1,
       1, 2, 1, 1, 3, 1, 4, 2, 3, 1, 1, 4, 4, 1, 3, 1, 1, 2, 4, 4, 3, 3,
       2, 2, 2, 3, 2, 2, 1, 3, 3, 1, 1, 2, 2, 2, 1, 1]), array([-1, -1, -1, -1, -1,  1, -1,  1, -1,  1, -1,  1, -1,  1, -1, -1,  1,
        1, -1, -1,  1,  1, -1, -1, -1, -1, -1,  1, -1, -1, -1,  1,  1,  1,
       -1,  1, -1, -1, -1, -1, -1, -1, -1, -1, -1, -1, -1,  1, -1, -1, -1,
       -1,  1, -1,  1, -1,  1,  1,  1,  1, -1, -1, -1,  1,  1, -1, -1,  1,
       -1, -1,  1, -1, -1,  1,  1, -1, -1,  1, -1,  1,  1,  1]))
(array([3, 3, 1, 3, 3, 2, 2, 1, 2, 1, 1, 1, 1, 1, 2, 2, 1, 1, 2, 1, 2, 2,
       1, 1, 2, 2, 4, 2, 1, 1, 4, 3, 2, 2, 2, 3, 3, 2, 4, 2, 1, 1, 3, 1,
       1, 2, 1, 1, 3, 1, 4, 2, 3, 1, 1, 4, 4, 1, 3, 1, 1, 2, 4, 4, 3, 3,
       2, 2, 2, 3, 2, 2, 1, 3, 3, 1, 1, 2, 2, 2, 1, 1, 1]), array([-1, -1, -1, -1, -1,  1, -1,  1, -1,  1, -1,  1, -1,  1, -1, -1,  1,
        1, -1, -1,  1,  1, -1, -1, -1, -1, -1,  1, -1, -1, -1,  1,  1,  1,
       -1,  1, -1, -1, -1, -1, -1, -1, -1, -1, -1, -1, -1,  1, -1, -1, -1,
       -1,  1, -1,  1, -1,  1,  1,  1,  1, -1, -1, -1,  1,  1, -1, -1,  1,
       -1, -1,  1, -1, -1,  1,  1, -1, -1,  1, -1,  1,  1,  1,  1]))
(array([3, 3, 1, 3, 3, 2, 2, 1, 2, 1, 1, 1, 1, 1, 2, 2, 1, 1, 2, 1, 2, 2,
       1, 1, 2, 2, 4, 2, 1, 1, 4, 3, 2, 2, 2, 3, 3, 2, 4, 2, 1, 1, 3, 1,
       1, 2, 1, 1, 3, 1, 4, 2, 3, 1, 1, 4, 4, 1, 3, 1, 1, 2, 4, 4, 3, 3,
       2, 2, 2, 3, 2, 2, 1, 3, 3, 1, 1, 2, 2, 2, 1, 1, 1, 3]), array([-1, -1, -1, -1, -1,  1, -1,  1, -1,  1, -1,  1, -1,  1, -1, -1,  1,
        1, -1, -1,  1,  1, -1, -1, -1, -1, -1,  1, -1, -1, -1,  1,  1,  1,
       -1,  1, -1, -1, -1, -1, -1, -1, -1, -1, -1, -1, -1,  1, -1, -1, -1,
       -1,  1, -1,  1, -1,  1,  1,  1,  1, -1, -1, -1,  1,  1, -1, -1,  1,
       -1, -1,  1, -1, -1,  1,  1, -1, -1,  1, -1,  1,  1,  1,  1,  1]))
(array([3, 3, 1, 3, 3, 2, 2, 1, 2, 1, 1, 1, 1, 1, 2, 2, 1, 1, 2, 1, 2, 2,
       1, 1, 2, 2, 4, 2, 1, 1, 4, 3, 2, 2, 2, 3, 3, 2, 4, 2, 1, 1, 3, 1,
       1, 2, 1, 1, 3, 1, 4, 2, 3, 1, 1, 4, 4, 1, 3, 1, 1, 2, 4, 4, 3, 3,
       2, 2, 2, 3, 2, 2, 1, 3, 3, 1, 1, 2, 2, 2, 1, 1, 1, 3, 1]), array([-1, -1, -1, -1, -1,  1, -1,  1, -1,  1, -1,  1, -1,  1, -1, -1,  1,
        1, -1, -1,  1,  1, -1, -1, -1, -1, -1,  1, -1, -1, -1,  1,  1,  1,
       -1,  1, -1, -1, -1, -1, -1, -1, -1, -1, -1, -1, -1,  1, -1, -1, -1,
       -1,  1, -1,  1, -1,  1,  1,  1,  1, -1, -1, -1,  1,  1, -1, -1,  1,
       -1, -1,  1, -1, -1,  1,  1, -1, -1,  1, -1,  1,  1,  1,  1,  1,  1]))
(array([3, 3, 1, 3, 3, 2, 2, 1, 2, 1, 1, 1, 1, 1, 2, 2, 1, 1, 2, 1, 2, 2,
       1, 1, 2, 2, 4, 2, 1, 1, 4, 3, 2, 2, 2, 3, 3, 2, 4, 2, 1, 1, 3, 1,
       1, 2, 1, 1, 3, 1, 4, 2, 3, 1, 1, 4, 4, 1, 3, 1, 1, 2, 4, 4, 3, 3,
       2, 2, 2, 3, 2, 2, 1, 3, 3, 1, 1, 2, 2, 2, 1, 1, 1, 3, 1, 2]), array([-1, -1, -1, -1, -1,  1, -1,  1, -1,  1, -1,  1, -1,  1, -1, -1,  1,
        1, -1, -1,  1,  1, -1, -1, -1, -1, -1,  1, -1, -1, -1,  1,  1,  1,
       -1,  1, -1, -1, -1, -1, -1, -1, -1, -1, -1, -1, -1,  1, -1, -1, -1,
       -1,  1, -1,  1, -1,  1,  1,  1,  1, -1, -1, -1,  1,  1, -1, -1,  1,
       -1, -1,  1, -1, -1,  1,  1, -1, -1,  1, -1,  1,  1,  1,  1,  1,  1,
       -1]))
(array([3, 3, 1, 3, 3, 2, 2, 1, 2, 1, 1, 1, 1, 1, 2, 2, 1, 1, 2, 1, 2, 2,
       1, 1, 2, 2, 4, 2, 1, 1, 4, 3, 2, 2, 2, 3, 3, 2, 4, 2, 1, 1, 3, 1,
       1, 2, 1, 1, 3, 1, 4, 2, 3, 1, 1, 4, 4, 1, 3, 1, 1, 2, 4, 4, 3, 3,
       2, 2, 2, 3, 2, 2, 1, 3, 3, 1, 1, 2, 2, 2, 1, 1, 1, 3, 1, 2, 1]), array([-1, -1, -1, -1, -1,  1, -1,  1, -1,  1, -1,  1, -1,  1, -1, -1,  1,
        1, -1, -1,  1,  1, -1, -1, -1, -1, -1,  1, -1, -1, -1,  1,  1,  1,
       -1,  1, -1, -1, -1, -1, -1, -1, -1, -1, -1, -1, -1,  1, -1, -1, -1,
       -1,  1, -1,  1, -1,  1,  1,  1,  1, -1, -1, -1,  1,  1, -1, -1,  1,
       -1, -1,  1, -1, -1,  1,  1, -1, -1,  1, -1,  1,  1,  1,  1,  1,  1,
       -1,  1]))
(array([3, 3, 1, 3, 3, 2, 2, 1, 2, 1, 1, 1, 1, 1, 2, 2, 1, 1, 2, 1, 2, 2,
       1, 1, 2, 2, 4, 2, 1, 1, 4, 3, 2, 2, 2, 3, 3, 2, 4, 2, 1, 1, 3, 1,
       1, 2, 1, 1, 3, 1, 4, 2, 3, 1, 1, 4, 4, 1, 3, 1, 1, 2, 4, 4, 3, 3,
       2, 2, 2, 3, 2, 2, 1, 3, 3, 1, 1, 2, 2, 2, 1, 1, 1, 3, 1, 2, 1, 1]), array([-1, -1, -1, -1, -1,  1, -1,  1, -1,  1, -1,  1, -1,  1, -1, -1,  1,
        1, -1, -1,  1,  1, -1, -1, -1, -1, -1,  1, -1, -1, -1,  1,  1,  1,
       -1,  1, -1, -1, -1, -1, -1, -1, -1, -1, -1, -1, -1,  1, -1, -1, -1,
       -1,  1, -1,  1, -1,  1,  1,  1,  1, -1, -1, -1,  1,  1, -1, -1,  1,
       -1, -1,  1, -1, -1,  1,  1, -1, -1,  1, -1,  1,  1,  1,  1,  1,  1,
       -1,  1,  1]))
(array([3, 3, 1, 3, 3, 2, 2, 1, 2, 1, 1, 1, 1, 1, 2, 2, 1, 1, 2, 1, 2, 2,
       1, 1, 2, 2, 4, 2, 1, 1, 4, 3, 2, 2, 2, 3, 3, 2, 4, 2, 1, 1, 3, 1,
       1, 2, 1, 1, 3, 1, 4, 2, 3, 1, 1, 4, 4, 1, 3, 1, 1, 2, 4, 4, 3, 3,
       2, 2, 2, 3, 2, 2, 1, 3, 3, 1, 1, 2, 2, 2, 1, 1, 1, 3, 1, 2, 1, 1,
       3]), array([-1, -1, -1, -1, -1,  1, -1,  1, -1,  1, -1,  1, -1,  1, -1, -1,  1,
        1, -1, -1,  1,  1, -1, -1, -1, -1, -1,  1, -1, -1, -1,  1,  1,  1,
       -1,  1, -1, -1, -1, -1, -1, -1, -1, -1, -1, -1, -1,  1, -1, -1, -1,
       -1,  1, -1,  1, -1,  1,  1,  1,  1, -1, -1, -1,  1,  1, -1, -1,  1,
       -1, -1,  1, -1, -1,  1,  1, -1, -1,  1, -1,  1,  1,  1,  1,  1,  1,
       -1,  1,  1,  1]))
(array([3, 3, 1, 3, 3, 2, 2, 1, 2, 1, 1, 1, 1, 1, 2, 2, 1, 1, 2, 1, 2, 2,
       1, 1, 2, 2, 4, 2, 1, 1, 4, 3, 2, 2, 2, 3, 3, 2, 4, 2, 1, 1, 3, 1,
       1, 2, 1, 1, 3, 1, 4, 2, 3, 1, 1, 4, 4, 1, 3, 1, 1, 2, 4, 4, 3, 3,
       2, 2, 2, 3, 2, 2, 1, 3, 3, 1, 1, 2, 2, 2, 1, 1, 1, 3, 1, 2, 1, 1,
       3, 1]), array([-1, -1, -1, -1, -1,  1, -1,  1, -1,  1, -1,  1, -1,  1, -1, -1,  1,
        1, -1, -1,  1,  1, -1, -1, -1, -1, -1,  1, -1, -1, -1,  1,  1,  1,
       -1,  1, -1, -1, -1, -1, -1, -1, -1, -1, -1, -1, -1,  1, -1, -1, -1,
       -1,  1, -1,  1, -1,  1,  1,  1,  1, -1, -1, -1,  1,  1, -1, -1,  1,
       -1, -1,  1, -1, -1,  1,  1, -1, -1,  1, -1,  1,  1,  1,  1,  1,  1,
       -1,  1,  1,  1,  1]))
(array([3, 3, 1, 3, 3, 2, 2, 1, 2, 1, 1, 1, 1, 1, 2, 2, 1, 1, 2, 1, 2, 2,
       1, 1, 2, 2, 4, 2, 1, 1, 4, 3, 2, 2, 2, 3, 3, 2, 4, 2, 1, 1, 3, 1,
       1, 2, 1, 1, 3, 1, 4, 2, 3, 1, 1, 4, 4, 1, 3, 1, 1, 2, 4, 4, 3, 3,
       2, 2, 2, 3, 2, 2, 1, 3, 3, 1, 1, 2, 2, 2, 1, 1, 1, 3, 1, 2, 1, 1,
       3, 1, 1]), array([-1, -1, -1, -1, -1,  1, -1,  1, -1,  1, -1,  1, -1,  1, -1, -1,  1,
        1, -1, -1,  1,  1, -1, -1, -1, -1, -1,  1, -1, -1, -1,  1,  1,  1,
       -1,  1, -1, -1, -1, -1, -1, -1, -1, -1, -1, -1, -1,  1, -1, -1, -1,
       -1,  1, -1,  1, -1,  1,  1,  1,  1, -1, -1, -1,  1,  1, -1, -1,  1,
       -1, -1,  1, -1, -1,  1,  1, -1, -1,  1, -1,  1,  1,  1,  1,  1,  1,
       -1,  1,  1,  1,  1, -1]))
(array([3, 3, 1, 3, 3, 2, 2, 1, 2, 1, 1, 1, 1, 1, 2, 2, 1, 1, 2, 1, 2, 2,
       1, 1, 2, 2, 4, 2, 1, 1, 4, 3, 2, 2, 2, 3, 3, 2, 4, 2, 1, 1, 3, 1,
       1, 2, 1, 1, 3, 1, 4, 2, 3, 1, 1, 4, 4, 1, 3, 1, 1, 2, 4, 4, 3, 3,
       2, 2, 2, 3, 2, 2, 1, 3, 3, 1, 1, 2, 2, 2, 1, 1, 1, 3, 1, 2, 1, 1,
       3, 1, 1, 1]), array([-1, -1, -1, -1, -1,  1, -1,  1, -1,  1, -1,  1, -1,  1, -1, -1,  1,
        1, -1, -1,  1,  1, -1, -1, -1, -1, -1,  1, -1, -1, -1,  1,  1,  1,
       -1,  1, -1, -1, -1, -1, -1, -1, -1, -1, -1, -1, -1,  1, -1, -1, -1,
       -1,  1, -1,  1, -1,  1,  1,  1,  1, -1, -1, -1,  1,  1, -1, -1,  1,
       -1, -1,  1, -1, -1,  1,  1, -1, -1,  1, -1,  1,  1,  1,  1,  1,  1,
       -1,  1,  1,  1,  1, -1, -1]))
(array([3, 3, 1, 3, 3, 2, 2, 1, 2, 1, 1, 1, 1, 1, 2, 2, 1, 1, 2, 1, 2, 2,
       1, 1, 2, 2, 4, 2, 1, 1, 4, 3, 2, 2, 2, 3, 3, 2, 4, 2, 1, 1, 3, 1,
       1, 2, 1, 1, 3, 1, 4, 2, 3, 1, 1, 4, 4, 1, 3, 1, 1, 2, 4, 4, 3, 3,
       2, 2, 2, 3, 2, 2, 1, 3, 3, 1, 1, 2, 2, 2, 1, 1, 1, 3, 1, 2, 1, 1,
       3, 1, 1, 1, 1]), array([-1, -1, -1, -1, -1,  1, -1,  1, -1,  1, -1,  1, -1,  1, -1, -1,  1,
        1, -1, -1,  1,  1, -1, -1, -1, -1, -1,  1, -1, -1, -1,  1,  1,  1,
       -1,  1, -1, -1, -1, -1, -1, -1, -1, -1, -1, -1, -1,  1, -1, -1, -1,
       -1,  1, -1,  1, -1,  1,  1,  1,  1, -1, -1, -1,  1,  1, -1, -1,  1,
       -1, -1,  1, -1, -1,  1,  1, -1, -1,  1, -1,  1,  1,  1,  1,  1,  1,
       -1,  1,  1,  1,  1, -1, -1,  1]))
(array([3, 3, 1, 3, 3, 2, 2, 1, 2, 1, 1, 1, 1, 1, 2, 2, 1, 1, 2, 1, 2, 2,
       1, 1, 2, 2, 4, 2, 1, 1, 4, 3, 2, 2, 2, 3, 3, 2, 4, 2, 1, 1, 3, 1,
       1, 2, 1, 1, 3, 1, 4, 2, 3, 1, 1, 4, 4, 1, 3, 1, 1, 2, 4, 4, 3, 3,
       2, 2, 2, 3, 2, 2, 1, 3, 3, 1, 1, 2, 2, 2, 1, 1, 1, 3, 1, 2, 1, 1,
       3, 1, 1, 1, 1, 1]), array([-1, -1, -1, -1, -1,  1, -1,  1, -1,  1, -1,  1, -1,  1, -1, -1,  1,
        1, -1, -1,  1,  1, -1, -1, -1, -1, -1,  1, -1, -1, -1,  1,  1,  1,
       -1,  1, -1, -1, -1, -1, -1, -1, -1, -1, -1, -1, -1,  1, -1, -1, -1,
       -1,  1, -1,  1, -1,  1,  1,  1,  1, -1, -1, -1,  1,  1, -1, -1,  1,
       -1, -1,  1, -1, -1,  1,  1, -1, -1,  1, -1,  1,  1,  1,  1,  1,  1,
       -1,  1,  1,  1,  1, -1, -1,  1,  1]))
(array([3, 3, 1, 3, 3, 2, 2, 1, 2, 1, 1, 1, 1, 1, 2, 2, 1, 1, 2, 1, 2, 2,
       1, 1, 2, 2, 4, 2, 1, 1, 4, 3, 2, 2, 2, 3, 3, 2, 4, 2, 1, 1, 3, 1,
       1, 2, 1, 1, 3, 1, 4, 2, 3, 1, 1, 4, 4, 1, 3, 1, 1, 2, 4, 4, 3, 3,
       2, 2, 2, 3, 2, 2, 1, 3, 3, 1, 1, 2, 2, 2, 1, 1, 1, 3, 1, 2, 1, 1,
       3, 1, 1, 1, 1, 1, 1]), array([-1, -1, -1, -1, -1,  1, -1,  1, -1,  1, -1,  1, -1,  1, -1, -1,  1,
        1, -1, -1,  1,  1, -1, -1, -1, -1, -1,  1, -1, -1, -1,  1,  1,  1,
       -1,  1, -1, -1, -1, -1, -1, -1, -1, -1, -1, -1, -1,  1, -1, -1, -1,
       -1,  1, -1,  1, -1,  1,  1,  1,  1, -1, -1, -1,  1,  1, -1, -1,  1,
       -1, -1,  1, -1, -1,  1,  1, -1, -1,  1, -1,  1,  1,  1,  1,  1,  1,
       -1,  1,  1,  1,  1, -1, -1,  1,  1,  1]))
(array([3, 3, 1, 3, 3, 2, 2, 1, 2, 1, 1, 1, 1, 1, 2, 2, 1, 1, 2, 1, 2, 2,
       1, 1, 2, 2, 4, 2, 1, 1, 4, 3, 2, 2, 2, 3, 3, 2, 4, 2, 1, 1, 3, 1,
       1, 2, 1, 1, 3, 1, 4, 2, 3, 1, 1, 4, 4, 1, 3, 1, 1, 2, 4, 4, 3, 3,
       2, 2, 2, 3, 2, 2, 1, 3, 3, 1, 1, 2, 2, 2, 1, 1, 1, 3, 1, 2, 1, 1,
       3, 1, 1, 1, 1, 1, 1, 1]), array([-1, -1, -1, -1, -1,  1, -1,  1, -1,  1, -1,  1, -1,  1, -1, -1,  1,
        1, -1, -1,  1,  1, -1, -1, -1, -1, -1,  1, -1, -1, -1,  1,  1,  1,
       -1,  1, -1, -1, -1, -1, -1, -1, -1, -1, -1, -1, -1,  1, -1, -1, -1,
       -1,  1, -1,  1, -1,  1,  1,  1,  1, -1, -1, -1,  1,  1, -1, -1,  1,
       -1, -1,  1, -1, -1,  1,  1, -1, -1,  1, -1,  1,  1,  1,  1,  1,  1,
       -1,  1,  1,  1,  1, -1, -1,  1,  1,  1,  1]))
(array([3, 3, 1, 3, 3, 2, 2, 1, 2, 1, 1, 1, 1, 1, 2, 2, 1, 1, 2, 1, 2, 2,
       1, 1, 2, 2, 4, 2, 1, 1, 4, 3, 2, 2, 2, 3, 3, 2, 4, 2, 1, 1, 3, 1,
       1, 2, 1, 1, 3, 1, 4, 2, 3, 1, 1, 4, 4, 1, 3, 1, 1, 2, 4, 4, 3, 3,
       2, 2, 2, 3, 2, 2, 1, 3, 3, 1, 1, 2, 2, 2, 1, 1, 1, 3, 1, 2, 1, 1,
       3, 1, 1, 1, 1, 1, 1, 1, 2]), array([-1, -1, -1, -1, -1,  1, -1,  1, -1,  1, -1,  1, -1,  1, -1, -1,  1,
        1, -1, -1,  1,  1, -1, -1, -1, -1, -1,  1, -1, -1, -1,  1,  1,  1,
       -1,  1, -1, -1, -1, -1, -1, -1, -1, -1, -1, -1, -1,  1, -1, -1, -1,
       -1,  1, -1,  1, -1,  1,  1,  1,  1, -1, -1, -1,  1,  1, -1, -1,  1,
       -1, -1,  1, -1, -1,  1,  1, -1, -1,  1, -1,  1,  1,  1,  1,  1,  1,
       -1,  1,  1,  1,  1, -1, -1,  1,  1,  1,  1,  1]))
(array([3, 3, 1, 3, 3, 2, 2, 1, 2, 1, 1, 1, 1, 1, 2, 2, 1, 1, 2, 1, 2, 2,
       1, 1, 2, 2, 4, 2, 1, 1, 4, 3, 2, 2, 2, 3, 3, 2, 4, 2, 1, 1, 3, 1,
       1, 2, 1, 1, 3, 1, 4, 2, 3, 1, 1, 4, 4, 1, 3, 1, 1, 2, 4, 4, 3, 3,
       2, 2, 2, 3, 2, 2, 1, 3, 3, 1, 1, 2, 2, 2, 1, 1, 1, 3, 1, 2, 1, 1,
       3, 1, 1, 1, 1, 1, 1, 1, 2, 3]), array([-1, -1, -1, -1, -1,  1, -1,  1, -1,  1, -1,  1, -1,  1, -1, -1,  1,
        1, -1, -1,  1,  1, -1, -1, -1, -1, -1,  1, -1, -1, -1,  1,  1,  1,
       -1,  1, -1, -1, -1, -1, -1, -1, -1, -1, -1, -1, -1,  1, -1, -1, -1,
       -1,  1, -1,  1, -1,  1,  1,  1,  1, -1, -1, -1,  1,  1, -1, -1,  1,
       -1, -1,  1, -1, -1,  1,  1, -1, -1,  1, -1,  1,  1,  1,  1,  1,  1,
       -1,  1,  1,  1,  1, -1, -1,  1,  1,  1,  1,  1, -1]))
(array([3, 3, 1, 3, 3, 2, 2, 1, 2, 1, 1, 1, 1, 1, 2, 2, 1, 1, 2, 1, 2, 2,
       1, 1, 2, 2, 4, 2, 1, 1, 4, 3, 2, 2, 2, 3, 3, 2, 4, 2, 1, 1, 3, 1,
       1, 2, 1, 1, 3, 1, 4, 2, 3, 1, 1, 4, 4, 1, 3, 1, 1, 2, 4, 4, 3, 3,
       2, 2, 2, 3, 2, 2, 1, 3, 3, 1, 1, 2, 2, 2, 1, 1, 1, 3, 1, 2, 1, 1,
       3, 1, 1, 1, 1, 1, 1, 1, 2, 3, 2]), array([-1, -1, -1, -1, -1,  1, -1,  1, -1,  1, -1,  1, -1,  1, -1, -1,  1,
        1, -1, -1,  1,  1, -1, -1, -1, -1, -1,  1, -1, -1, -1,  1,  1,  1,
       -1,  1, -1, -1, -1, -1, -1, -1, -1, -1, -1, -1, -1,  1, -1, -1, -1,
       -1,  1, -1,  1, -1,  1,  1,  1,  1, -1, -1, -1,  1,  1, -1, -1,  1,
       -1, -1,  1, -1, -1,  1,  1, -1, -1,  1, -1,  1,  1,  1,  1,  1,  1,
       -1,  1,  1,  1,  1, -1, -1,  1,  1,  1,  1,  1, -1, -1]))
(array([3, 3, 1, 3, 3, 2, 2, 1, 2, 1, 1, 1, 1, 1, 2, 2, 1, 1, 2, 1, 2, 2,
       1, 1, 2, 2, 4, 2, 1, 1, 4, 3, 2, 2, 2, 3, 3, 2, 4, 2, 1, 1, 3, 1,
       1, 2, 1, 1, 3, 1, 4, 2, 3, 1, 1, 4, 4, 1, 3, 1, 1, 2, 4, 4, 3, 3,
       2, 2, 2, 3, 2, 2, 1, 3, 3, 1, 1, 2, 2, 2, 1, 1, 1, 3, 1, 2, 1, 1,
       3, 1, 1, 1, 1, 1, 1, 1, 2, 3, 2, 1]), array([-1, -1, -1, -1, -1,  1, -1,  1, -1,  1, -1,  1, -1,  1, -1, -1,  1,
        1, -1, -1,  1,  1, -1, -1, -1, -1, -1,  1, -1, -1, -1,  1,  1,  1,
       -1,  1, -1, -1, -1, -1, -1, -1, -1, -1, -1, -1, -1,  1, -1, -1, -1,
       -1,  1, -1,  1, -1,  1,  1,  1,  1, -1, -1, -1,  1,  1, -1, -1,  1,
       -1, -1,  1, -1, -1,  1,  1, -1, -1,  1, -1,  1,  1,  1,  1,  1,  1,
       -1,  1,  1,  1,  1, -1, -1,  1,  1,  1,  1,  1, -1, -1,  1]))
(array([3, 3, 1, 3, 3, 2, 2, 1, 2, 1, 1, 1, 1, 1, 2, 2, 1, 1, 2, 1, 2, 2,
       1, 1, 2, 2, 4, 2, 1, 1, 4, 3, 2, 2, 2, 3, 3, 2, 4, 2, 1, 1, 3, 1,
       1, 2, 1, 1, 3, 1, 4, 2, 3, 1, 1, 4, 4, 1, 3, 1, 1, 2, 4, 4, 3, 3,
       2, 2, 2, 3, 2, 2, 1, 3, 3, 1, 1, 2, 2, 2, 1, 1, 1, 3, 1, 2, 1, 1,
       3, 1, 1, 1, 1, 1, 1, 1, 2, 3, 2, 1, 1]), array([-1, -1, -1, -1, -1,  1, -1,  1, -1,  1, -1,  1, -1,  1, -1, -1,  1,
        1, -1, -1,  1,  1, -1, -1, -1, -1, -1,  1, -1, -1, -1,  1,  1,  1,
       -1,  1, -1, -1, -1, -1, -1, -1, -1, -1, -1, -1, -1,  1, -1, -1, -1,
       -1,  1, -1,  1, -1,  1,  1,  1,  1, -1, -1, -1,  1,  1, -1, -1,  1,
       -1, -1,  1, -1, -1,  1,  1, -1, -1,  1, -1,  1,  1,  1,  1,  1,  1,
       -1,  1,  1,  1,  1, -1, -1,  1,  1,  1,  1,  1, -1, -1,  1,  1]))
FDTC of word 0: 0
FDTC of word 1: 0
FDTC of word 2: 0
FDTC of word 3: 0
FDTC of word 4: 0
FDTC of word 5: 0
FDTC of word 6: 0
FDTC of word 7: 0
FDTC of word 8: 0
FDTC of word 9: 0
FDTC of word 10: 0
FDTC of word 11: 0
FDTC of word 12: 0
FDTC of word 13: 0
FDTC of word 14: 0
FDTC of word 15: 0
FDTC of word 16: 0
FDTC of word 17: 0
FDTC of word 18: 0
FDTC of word 19: 0
FDTC of word 20: 0
FDTC of word 21: 0
FDTC of word 22: 0
FDTC of word 23: 0
FDTC of word 24: 0
FDTC of word 25: 0
FDTC of word 26: -1/2
FDTC of word 27: -1/2
FDTC of word 28: -1/2
FDTC of word 29: -1/2
FDTC of word 30: -1/2
FDTC of word 31: -1/2
FDTC of word 32: 0
FDTC of word 33: 0
FDTC of word 34: 0
FDTC of word 35: 0
FDTC of word 36: 0
FDTC of word 37: -1/2
FDTC of word 38: -1/2
FDTC of word 39: -1/2
FDTC of word 40: -1/2
FDTC of word 41: -1/2
FDTC of word 42: -1/2
FDTC of word 43: -1/2
FDTC of word 44: -1/2
FDTC of word 45: -1/2
FDTC of word 46: -1/2
FDTC of word 47: -1/2
FDTC of word 48: -1/2
FDTC of word 49: -1/2
FDTC of word 50: -1
FDTC of word 51: -1
FDTC of word 52: -1
FDTC of word 53: -1
FDTC of word 54: -1
FDTC of word 55: -1
FDTC of word 56: -1
FDTC of word 57: -1
FDTC of word 58: -1
FDTC of word 59: -1
FDTC of word 60: -1
FDTC of word 61: -1
FDTC of word 62: -1
FDTC of word 63: -1
FDTC of word 64: -1
FDTC of word 65: -1
FDTC of word 66: -1
FDTC of word 67: -1
FDTC of word 68: -1
FDTC of word 69: -1
FDTC of word 70: -1
FDTC of word 71: -1
FDTC of word 72: -1
FDTC of word 73: -1
FDTC of word 74: -1
FDTC of word 75: -1
FDTC of word 76: -1
FDTC of word 77: -1/2
FDTC of word 78: -1
FDTC of word 79: -1/2
FDTC of word 80: -1/2
FDTC of word 81: -1/2
FDTC of word 82: -1/2
FDTC of word 83: -1/2
FDTC of word 84: -1/2
FDTC of word 85: -1/2
FDTC of word 86: -1/2
FDTC of word 87: -1/2
FDTC of word 88: -1/2
FDTC of word 89: -1/2
FDTC of word 90: -1/2
FDTC of word 91: -1/2
FDTC of word 92: -1/2
FDTC of word 93: -1/2
FDTC of word 94: -1/2
FDTC of word 95: -1/2
FDTC of word 96: -1/2
FDTC of word 97: -1/2
FDTC of word 98: -1/2
FDTC of word 99: -1/2
FDTC of word 100: -1/2
====FREQUENCY TABLE======
For p=[0.4, 0.3, 0.2, 0.1] distribution, in B_5 we have:
0      58.4%
1/2    41.6%
Name: Fractional parts, dtype: object
====TRANSITION FREQUENCY TABLE======
For p=[0.4, 0.3, 0.2, 0.1] distribution, in B_5 we have:
(0, 0)        55.0%
(1/2, 1/2)    38.0%
(0, 1/2)       4.0%
(1/2, 0)       3.0%
Name: Transitions, dtype: object
(array([2]), array([-1]))
(array([2, 2]), array([-1, -1]))
(array([2, 2, 4]), array([-1, -1, -1]))
(array([2, 2, 4, 2]), array([-1, -1, -1,  1]))
(array([2, 2, 4, 2, 3]), array([-1, -1, -1,  1,  1]))
(array([2, 2, 4, 2, 3, 2]), array([-1, -1, -1,  1,  1,  1]))
(array([2, 2, 4, 2, 3, 2, 1]), array([-1, -1, -1,  1,  1,  1, -1]))
(array([2, 2, 4, 2, 3, 2, 1, 1]), array([-1, -1, -1,  1,  1,  1, -1, -1]))
(array([2, 2, 4, 2, 3, 2, 1, 1, 1]), array([-1, -1, -1,  1,  1,  1, -1, -1,  1]))
(array([2, 2, 4, 2, 3, 2, 1, 1, 1, 2]), array([-1, -1, -1,  1,  1,  1, -1, -1,  1,  1]))
(array([2, 2, 4, 2, 3, 2, 1, 1, 1, 2, 1]), array([-1, -1, -1,  1,  1,  1, -1, -1,  1,  1,  1]))
(array([2, 2, 4, 2, 3, 2, 1, 1, 1, 2, 1, 4]), array([-1, -1, -1,  1,  1,  1, -1, -1,  1,  1,  1,  1]))
(array([2, 2, 4, 2, 3, 2, 1, 1, 1, 2, 1, 4, 1]), array([-1, -1, -1,  1,  1,  1, -1, -1,  1,  1,  1,  1,  1]))
(array([2, 2, 4, 2, 3, 2, 1, 1, 1, 2, 1, 4, 1, 3]), array([-1, -1, -1,  1,  1,  1, -1, -1,  1,  1,  1,  1,  1,  1]))
(array([2, 2, 4, 2, 3, 2, 1, 1, 1, 2, 1, 4, 1, 3, 3]), array([-1, -1, -1,  1,  1,  1, -1, -1,  1,  1,  1,  1,  1,  1,  1]))
(array([2, 2, 4, 2, 3, 2, 1, 1, 1, 2, 1, 4, 1, 3, 3, 1]), array([-1, -1, -1,  1,  1,  1, -1, -1,  1,  1,  1,  1,  1,  1,  1,  1]))
(array([2, 2, 4, 2, 3, 2, 1, 1, 1, 2, 1, 4, 1, 3, 3, 1, 4]), array([-1, -1, -1,  1,  1,  1, -1, -1,  1,  1,  1,  1,  1,  1,  1,  1,  1]))
(array([2, 2, 4, 2, 3, 2, 1, 1, 1, 2, 1, 4, 1, 3, 3, 1, 4, 3]), array([-1, -1, -1,  1,  1,  1, -1, -1,  1,  1,  1,  1,  1,  1,  1,  1,  1,
       -1]))
(array([2, 2, 4, 2, 3, 2, 1, 1, 1, 2, 1, 4, 1, 3, 3, 1, 4, 3, 3]), array([-1, -1, -1,  1,  1,  1, -1, -1,  1,  1,  1,  1,  1,  1,  1,  1,  1,
       -1,  1]))
(array([2, 2, 4, 2, 3, 2, 1, 1, 1, 2, 1, 4, 1, 3, 3, 1, 4, 3, 3, 1]), array([-1, -1, -1,  1,  1,  1, -1, -1,  1,  1,  1,  1,  1,  1,  1,  1,  1,
       -1,  1,  1]))
(array([2, 2, 4, 2, 3, 2, 1, 1, 1, 2, 1, 4, 1, 3, 3, 1, 4, 3, 3, 1, 2]), array([-1, -1, -1,  1,  1,  1, -1, -1,  1,  1,  1,  1,  1,  1,  1,  1,  1,
       -1,  1,  1, -1]))
(array([2, 2, 4, 2, 3, 2, 1, 1, 1, 2, 1, 4, 1, 3, 3, 1, 4, 3, 3, 1, 2, 3]), array([-1, -1, -1,  1,  1,  1, -1, -1,  1,  1,  1,  1,  1,  1,  1,  1,  1,
       -1,  1,  1, -1,  1]))
(array([2, 2, 4, 2, 3, 2, 1, 1, 1, 2, 1, 4, 1, 3, 3, 1, 4, 3, 3, 1, 2, 3,
       1]), array([-1, -1, -1,  1,  1,  1, -1, -1,  1,  1,  1,  1,  1,  1,  1,  1,  1,
       -1,  1,  1, -1,  1,  1]))
(array([2, 2, 4, 2, 3, 2, 1, 1, 1, 2, 1, 4, 1, 3, 3, 1, 4, 3, 3, 1, 2, 3,
       1, 2]), array([-1, -1, -1,  1,  1,  1, -1, -1,  1,  1,  1,  1,  1,  1,  1,  1,  1,
       -1,  1,  1, -1,  1,  1, -1]))
(array([2, 2, 4, 2, 3, 2, 1, 1, 1, 2, 1, 4, 1, 3, 3, 1, 4, 3, 3, 1, 2, 3,
       1, 2, 2]), array([-1, -1, -1,  1,  1,  1, -1, -1,  1,  1,  1,  1,  1,  1,  1,  1,  1,
       -1,  1,  1, -1,  1,  1, -1,  1]))
(array([2, 2, 4, 2, 3, 2, 1, 1, 1, 2, 1, 4, 1, 3, 3, 1, 4, 3, 3, 1, 2, 3,
       1, 2, 2, 1]), array([-1, -1, -1,  1,  1,  1, -1, -1,  1,  1,  1,  1,  1,  1,  1,  1,  1,
       -1,  1,  1, -1,  1,  1, -1,  1,  1]))
(array([2, 2, 4, 2, 3, 2, 1, 1, 1, 2, 1, 4, 1, 3, 3, 1, 4, 3, 3, 1, 2, 3,
       1, 2, 2, 1, 1]), array([-1, -1, -1,  1,  1,  1, -1, -1,  1,  1,  1,  1,  1,  1,  1,  1,  1,
       -1,  1,  1, -1,  1,  1, -1,  1,  1,  1]))
(array([2, 2, 4, 2, 3, 2, 1, 1, 1, 2, 1, 4, 1, 3, 3, 1, 4, 3, 3, 1, 2, 3,
       1, 2, 2, 1, 1, 2]), array([-1, -1, -1,  1,  1,  1, -1, -1,  1,  1,  1,  1,  1,  1,  1,  1,  1,
       -1,  1,  1, -1,  1,  1, -1,  1,  1,  1, -1]))
(array([2, 2, 4, 2, 3, 2, 1, 1, 1, 2, 1, 4, 1, 3, 3, 1, 4, 3, 3, 1, 2, 3,
       1, 2, 2, 1, 1, 2, 1]), array([-1, -1, -1,  1,  1,  1, -1, -1,  1,  1,  1,  1,  1,  1,  1,  1,  1,
       -1,  1,  1, -1,  1,  1, -1,  1,  1,  1, -1,  1]))
(array([2, 2, 4, 2, 3, 2, 1, 1, 1, 2, 1, 4, 1, 3, 3, 1, 4, 3, 3, 1, 2, 3,
       1, 2, 2, 1, 1, 2, 1, 2]), array([-1, -1, -1,  1,  1,  1, -1, -1,  1,  1,  1,  1,  1,  1,  1,  1,  1,
       -1,  1,  1, -1,  1,  1, -1,  1,  1,  1, -1,  1, -1]))
(array([2, 2, 4, 2, 3, 2, 1, 1, 1, 2, 1, 4, 1, 3, 3, 1, 4, 3, 3, 1, 2, 3,
       1, 2, 2, 1, 1, 2, 1, 2, 1]), array([-1, -1, -1,  1,  1,  1, -1, -1,  1,  1,  1,  1,  1,  1,  1,  1,  1,
       -1,  1,  1, -1,  1,  1, -1,  1,  1,  1, -1,  1, -1,  1]))
(array([2, 2, 4, 2, 3, 2, 1, 1, 1, 2, 1, 4, 1, 3, 3, 1, 4, 3, 3, 1, 2, 3,
       1, 2, 2, 1, 1, 2, 1, 2, 1, 1]), array([-1, -1, -1,  1,  1,  1, -1, -1,  1,  1,  1,  1,  1,  1,  1,  1,  1,
       -1,  1,  1, -1,  1,  1, -1,  1,  1,  1, -1,  1, -1,  1,  1]))
(array([2, 2, 4, 2, 3, 2, 1, 1, 1, 2, 1, 4, 1, 3, 3, 1, 4, 3, 3, 1, 2, 3,
       1, 2, 2, 1, 1, 2, 1, 2, 1, 1, 2]), array([-1, -1, -1,  1,  1,  1, -1, -1,  1,  1,  1,  1,  1,  1,  1,  1,  1,
       -1,  1,  1, -1,  1,  1, -1,  1,  1,  1, -1,  1, -1,  1,  1,  1]))
(array([2, 2, 4, 2, 3, 2, 1, 1, 1, 2, 1, 4, 1, 3, 3, 1, 4, 3, 3, 1, 2, 3,
       1, 2, 2, 1, 1, 2, 1, 2, 1, 1, 2, 1]), array([-1, -1, -1,  1,  1,  1, -1, -1,  1,  1,  1,  1,  1,  1,  1,  1,  1,
       -1,  1,  1, -1,  1,  1, -1,  1,  1,  1, -1,  1, -1,  1,  1,  1,  1]))
(array([2, 2, 4, 2, 3, 2, 1, 1, 1, 2, 1, 4, 1, 3, 3, 1, 4, 3, 3, 1, 2, 3,
       1, 2, 2, 1, 1, 2, 1, 2, 1, 1, 2, 1, 3]), array([-1, -1, -1,  1,  1,  1, -1, -1,  1,  1,  1,  1,  1,  1,  1,  1,  1,
       -1,  1,  1, -1,  1,  1, -1,  1,  1,  1, -1,  1, -1,  1,  1,  1,  1,
        1]))
(array([2, 2, 4, 2, 3, 2, 1, 1, 1, 2, 1, 4, 1, 3, 3, 1, 4, 3, 3, 1, 2, 3,
       1, 2, 2, 1, 1, 2, 1, 2, 1, 1, 2, 1, 3, 3]), array([-1, -1, -1,  1,  1,  1, -1, -1,  1,  1,  1,  1,  1,  1,  1,  1,  1,
       -1,  1,  1, -1,  1,  1, -1,  1,  1,  1, -1,  1, -1,  1,  1,  1,  1,
        1, -1]))
(array([2, 2, 4, 2, 3, 2, 1, 1, 1, 2, 1, 4, 1, 3, 3, 1, 4, 3, 3, 1, 2, 3,
       1, 2, 2, 1, 1, 2, 1, 2, 1, 1, 2, 1, 3, 3, 2]), array([-1, -1, -1,  1,  1,  1, -1, -1,  1,  1,  1,  1,  1,  1,  1,  1,  1,
       -1,  1,  1, -1,  1,  1, -1,  1,  1,  1, -1,  1, -1,  1,  1,  1,  1,
        1, -1,  1]))
(array([2, 2, 4, 2, 3, 2, 1, 1, 1, 2, 1, 4, 1, 3, 3, 1, 4, 3, 3, 1, 2, 3,
       1, 2, 2, 1, 1, 2, 1, 2, 1, 1, 2, 1, 3, 3, 2, 2]), array([-1, -1, -1,  1,  1,  1, -1, -1,  1,  1,  1,  1,  1,  1,  1,  1,  1,
       -1,  1,  1, -1,  1,  1, -1,  1,  1,  1, -1,  1, -1,  1,  1,  1,  1,
        1, -1,  1, -1]))
(array([2, 2, 4, 2, 3, 2, 1, 1, 1, 2, 1, 4, 1, 3, 3, 1, 4, 3, 3, 1, 2, 3,
       1, 2, 2, 1, 1, 2, 1, 2, 1, 1, 2, 1, 3, 3, 2, 2, 1]), array([-1, -1, -1,  1,  1,  1, -1, -1,  1,  1,  1,  1,  1,  1,  1,  1,  1,
       -1,  1,  1, -1,  1,  1, -1,  1,  1,  1, -1,  1, -1,  1,  1,  1,  1,
        1, -1,  1, -1,  1]))
(array([2, 2, 4, 2, 3, 2, 1, 1, 1, 2, 1, 4, 1, 3, 3, 1, 4, 3, 3, 1, 2, 3,
       1, 2, 2, 1, 1, 2, 1, 2, 1, 1, 2, 1, 3, 3, 2, 2, 1, 1]), array([-1, -1, -1,  1,  1,  1, -1, -1,  1,  1,  1,  1,  1,  1,  1,  1,  1,
       -1,  1,  1, -1,  1,  1, -1,  1,  1,  1, -1,  1, -1,  1,  1,  1,  1,
        1, -1,  1, -1,  1, -1]))
(array([2, 2, 4, 2, 3, 2, 1, 1, 1, 2, 1, 4, 1, 3, 3, 1, 4, 3, 3, 1, 2, 3,
       1, 2, 2, 1, 1, 2, 1, 2, 1, 1, 2, 1, 3, 3, 2, 2, 1, 1, 3]), array([-1, -1, -1,  1,  1,  1, -1, -1,  1,  1,  1,  1,  1,  1,  1,  1,  1,
       -1,  1,  1, -1,  1,  1, -1,  1,  1,  1, -1,  1, -1,  1,  1,  1,  1,
        1, -1,  1, -1,  1, -1,  1]))
(array([2, 2, 4, 2, 3, 2, 1, 1, 1, 2, 1, 4, 1, 3, 3, 1, 4, 3, 3, 1, 2, 3,
       1, 2, 2, 1, 1, 2, 1, 2, 1, 1, 2, 1, 3, 3, 2, 2, 1, 1, 3, 1]), array([-1, -1, -1,  1,  1,  1, -1, -1,  1,  1,  1,  1,  1,  1,  1,  1,  1,
       -1,  1,  1, -1,  1,  1, -1,  1,  1,  1, -1,  1, -1,  1,  1,  1,  1,
        1, -1,  1, -1,  1, -1,  1, -1]))
(array([2, 2, 4, 2, 3, 2, 1, 1, 1, 2, 1, 4, 1, 3, 3, 1, 4, 3, 3, 1, 2, 3,
       1, 2, 2, 1, 1, 2, 1, 2, 1, 1, 2, 1, 3, 3, 2, 2, 1, 1, 3, 1, 2]), array([-1, -1, -1,  1,  1,  1, -1, -1,  1,  1,  1,  1,  1,  1,  1,  1,  1,
       -1,  1,  1, -1,  1,  1, -1,  1,  1,  1, -1,  1, -1,  1,  1,  1,  1,
        1, -1,  1, -1,  1, -1,  1, -1, -1]))
(array([2, 2, 4, 2, 3, 2, 1, 1, 1, 2, 1, 4, 1, 3, 3, 1, 4, 3, 3, 1, 2, 3,
       1, 2, 2, 1, 1, 2, 1, 2, 1, 1, 2, 1, 3, 3, 2, 2, 1, 1, 3, 1, 2, 2]), array([-1, -1, -1,  1,  1,  1, -1, -1,  1,  1,  1,  1,  1,  1,  1,  1,  1,
       -1,  1,  1, -1,  1,  1, -1,  1,  1,  1, -1,  1, -1,  1,  1,  1,  1,
        1, -1,  1, -1,  1, -1,  1, -1, -1, -1]))
(array([2, 2, 4, 2, 3, 2, 1, 1, 1, 2, 1, 4, 1, 3, 3, 1, 4, 3, 3, 1, 2, 3,
       1, 2, 2, 1, 1, 2, 1, 2, 1, 1, 2, 1, 3, 3, 2, 2, 1, 1, 3, 1, 2, 2,
       1]), array([-1, -1, -1,  1,  1,  1, -1, -1,  1,  1,  1,  1,  1,  1,  1,  1,  1,
       -1,  1,  1, -1,  1,  1, -1,  1,  1,  1, -1,  1, -1,  1,  1,  1,  1,
        1, -1,  1, -1,  1, -1,  1, -1, -1, -1, -1]))
(array([2, 2, 4, 2, 3, 2, 1, 1, 1, 2, 1, 4, 1, 3, 3, 1, 4, 3, 3, 1, 2, 3,
       1, 2, 2, 1, 1, 2, 1, 2, 1, 1, 2, 1, 3, 3, 2, 2, 1, 1, 3, 1, 2, 2,
       1, 1]), array([-1, -1, -1,  1,  1,  1, -1, -1,  1,  1,  1,  1,  1,  1,  1,  1,  1,
       -1,  1,  1, -1,  1,  1, -1,  1,  1,  1, -1,  1, -1,  1,  1,  1,  1,
        1, -1,  1, -1,  1, -1,  1, -1, -1, -1, -1,  1]))
(array([2, 2, 4, 2, 3, 2, 1, 1, 1, 2, 1, 4, 1, 3, 3, 1, 4, 3, 3, 1, 2, 3,
       1, 2, 2, 1, 1, 2, 1, 2, 1, 1, 2, 1, 3, 3, 2, 2, 1, 1, 3, 1, 2, 2,
       1, 1, 1]), array([-1, -1, -1,  1,  1,  1, -1, -1,  1,  1,  1,  1,  1,  1,  1,  1,  1,
       -1,  1,  1, -1,  1,  1, -1,  1,  1,  1, -1,  1, -1,  1,  1,  1,  1,
        1, -1,  1, -1,  1, -1,  1, -1, -1, -1, -1,  1, -1]))
(array([2, 2, 4, 2, 3, 2, 1, 1, 1, 2, 1, 4, 1, 3, 3, 1, 4, 3, 3, 1, 2, 3,
       1, 2, 2, 1, 1, 2, 1, 2, 1, 1, 2, 1, 3, 3, 2, 2, 1, 1, 3, 1, 2, 2,
       1, 1, 1, 3]), array([-1, -1, -1,  1,  1,  1, -1, -1,  1,  1,  1,  1,  1,  1,  1,  1,  1,
       -1,  1,  1, -1,  1,  1, -1,  1,  1,  1, -1,  1, -1,  1,  1,  1,  1,
        1, -1,  1, -1,  1, -1,  1, -1, -1, -1, -1,  1, -1,  1]))
(array([2, 2, 4, 2, 3, 2, 1, 1, 1, 2, 1, 4, 1, 3, 3, 1, 4, 3, 3, 1, 2, 3,
       1, 2, 2, 1, 1, 2, 1, 2, 1, 1, 2, 1, 3, 3, 2, 2, 1, 1, 3, 1, 2, 2,
       1, 1, 1, 3, 3]), array([-1, -1, -1,  1,  1,  1, -1, -1,  1,  1,  1,  1,  1,  1,  1,  1,  1,
       -1,  1,  1, -1,  1,  1, -1,  1,  1,  1, -1,  1, -1,  1,  1,  1,  1,
        1, -1,  1, -1,  1, -1,  1, -1, -1, -1, -1,  1, -1,  1, -1]))
(array([2, 2, 4, 2, 3, 2, 1, 1, 1, 2, 1, 4, 1, 3, 3, 1, 4, 3, 3, 1, 2, 3,
       1, 2, 2, 1, 1, 2, 1, 2, 1, 1, 2, 1, 3, 3, 2, 2, 1, 1, 3, 1, 2, 2,
       1, 1, 1, 3, 3, 3]), array([-1, -1, -1,  1,  1,  1, -1, -1,  1,  1,  1,  1,  1,  1,  1,  1,  1,
       -1,  1,  1, -1,  1,  1, -1,  1,  1,  1, -1,  1, -1,  1,  1,  1,  1,
        1, -1,  1, -1,  1, -1,  1, -1, -1, -1, -1,  1, -1,  1, -1, -1]))
(array([2, 2, 4, 2, 3, 2, 1, 1, 1, 2, 1, 4, 1, 3, 3, 1, 4, 3, 3, 1, 2, 3,
       1, 2, 2, 1, 1, 2, 1, 2, 1, 1, 2, 1, 3, 3, 2, 2, 1, 1, 3, 1, 2, 2,
       1, 1, 1, 3, 3, 3, 2]), array([-1, -1, -1,  1,  1,  1, -1, -1,  1,  1,  1,  1,  1,  1,  1,  1,  1,
       -1,  1,  1, -1,  1,  1, -1,  1,  1,  1, -1,  1, -1,  1,  1,  1,  1,
        1, -1,  1, -1,  1, -1,  1, -1, -1, -1, -1,  1, -1,  1, -1, -1,  1]))
(array([2, 2, 4, 2, 3, 2, 1, 1, 1, 2, 1, 4, 1, 3, 3, 1, 4, 3, 3, 1, 2, 3,
       1, 2, 2, 1, 1, 2, 1, 2, 1, 1, 2, 1, 3, 3, 2, 2, 1, 1, 3, 1, 2, 2,
       1, 1, 1, 3, 3, 3, 2, 2]), array([-1, -1, -1,  1,  1,  1, -1, -1,  1,  1,  1,  1,  1,  1,  1,  1,  1,
       -1,  1,  1, -1,  1,  1, -1,  1,  1,  1, -1,  1, -1,  1,  1,  1,  1,
        1, -1,  1, -1,  1, -1,  1, -1, -1, -1, -1,  1, -1,  1, -1, -1,  1,
        1]))
(array([2, 2, 4, 2, 3, 2, 1, 1, 1, 2, 1, 4, 1, 3, 3, 1, 4, 3, 3, 1, 2, 3,
       1, 2, 2, 1, 1, 2, 1, 2, 1, 1, 2, 1, 3, 3, 2, 2, 1, 1, 3, 1, 2, 2,
       1, 1, 1, 3, 3, 3, 2, 2, 4]), array([-1, -1, -1,  1,  1,  1, -1, -1,  1,  1,  1,  1,  1,  1,  1,  1,  1,
       -1,  1,  1, -1,  1,  1, -1,  1,  1,  1, -1,  1, -1,  1,  1,  1,  1,
        1, -1,  1, -1,  1, -1,  1, -1, -1, -1, -1,  1, -1,  1, -1, -1,  1,
        1, -1]))
(array([2, 2, 4, 2, 3, 2, 1, 1, 1, 2, 1, 4, 1, 3, 3, 1, 4, 3, 3, 1, 2, 3,
       1, 2, 2, 1, 1, 2, 1, 2, 1, 1, 2, 1, 3, 3, 2, 2, 1, 1, 3, 1, 2, 2,
       1, 1, 1, 3, 3, 3, 2, 2, 4, 3]), array([-1, -1, -1,  1,  1,  1, -1, -1,  1,  1,  1,  1,  1,  1,  1,  1,  1,
       -1,  1,  1, -1,  1,  1, -1,  1,  1,  1, -1,  1, -1,  1,  1,  1,  1,
        1, -1,  1, -1,  1, -1,  1, -1, -1, -1, -1,  1, -1,  1, -1, -1,  1,
        1, -1,  1]))
(array([2, 2, 4, 2, 3, 2, 1, 1, 1, 2, 1, 4, 1, 3, 3, 1, 4, 3, 3, 1, 2, 3,
       1, 2, 2, 1, 1, 2, 1, 2, 1, 1, 2, 1, 3, 3, 2, 2, 1, 1, 3, 1, 2, 2,
       1, 1, 1, 3, 3, 3, 2, 2, 4, 3, 1]), array([-1, -1, -1,  1,  1,  1, -1, -1,  1,  1,  1,  1,  1,  1,  1,  1,  1,
       -1,  1,  1, -1,  1,  1, -1,  1,  1,  1, -1,  1, -1,  1,  1,  1,  1,
        1, -1,  1, -1,  1, -1,  1, -1, -1, -1, -1,  1, -1,  1, -1, -1,  1,
        1, -1,  1, -1]))
(array([2, 2, 4, 2, 3, 2, 1, 1, 1, 2, 1, 4, 1, 3, 3, 1, 4, 3, 3, 1, 2, 3,
       1, 2, 2, 1, 1, 2, 1, 2, 1, 1, 2, 1, 3, 3, 2, 2, 1, 1, 3, 1, 2, 2,
       1, 1, 1, 3, 3, 3, 2, 2, 4, 3, 1, 2]), array([-1, -1, -1,  1,  1,  1, -1, -1,  1,  1,  1,  1,  1,  1,  1,  1,  1,
       -1,  1,  1, -1,  1,  1, -1,  1,  1,  1, -1,  1, -1,  1,  1,  1,  1,
        1, -1,  1, -1,  1, -1,  1, -1, -1, -1, -1,  1, -1,  1, -1, -1,  1,
        1, -1,  1, -1, -1]))
(array([2, 2, 4, 2, 3, 2, 1, 1, 1, 2, 1, 4, 1, 3, 3, 1, 4, 3, 3, 1, 2, 3,
       1, 2, 2, 1, 1, 2, 1, 2, 1, 1, 2, 1, 3, 3, 2, 2, 1, 1, 3, 1, 2, 2,
       1, 1, 1, 3, 3, 3, 2, 2, 4, 3, 1, 2, 2]), array([-1, -1, -1,  1,  1,  1, -1, -1,  1,  1,  1,  1,  1,  1,  1,  1,  1,
       -1,  1,  1, -1,  1,  1, -1,  1,  1,  1, -1,  1, -1,  1,  1,  1,  1,
        1, -1,  1, -1,  1, -1,  1, -1, -1, -1, -1,  1, -1,  1, -1, -1,  1,
        1, -1,  1, -1, -1, -1]))
(array([2, 2, 4, 2, 3, 2, 1, 1, 1, 2, 1, 4, 1, 3, 3, 1, 4, 3, 3, 1, 2, 3,
       1, 2, 2, 1, 1, 2, 1, 2, 1, 1, 2, 1, 3, 3, 2, 2, 1, 1, 3, 1, 2, 2,
       1, 1, 1, 3, 3, 3, 2, 2, 4, 3, 1, 2, 2, 1]), array([-1, -1, -1,  1,  1,  1, -1, -1,  1,  1,  1,  1,  1,  1,  1,  1,  1,
       -1,  1,  1, -1,  1,  1, -1,  1,  1,  1, -1,  1, -1,  1,  1,  1,  1,
        1, -1,  1, -1,  1, -1,  1, -1, -1, -1, -1,  1, -1,  1, -1, -1,  1,
        1, -1,  1, -1, -1, -1,  1]))
(array([2, 2, 4, 2, 3, 2, 1, 1, 1, 2, 1, 4, 1, 3, 3, 1, 4, 3, 3, 1, 2, 3,
       1, 2, 2, 1, 1, 2, 1, 2, 1, 1, 2, 1, 3, 3, 2, 2, 1, 1, 3, 1, 2, 2,
       1, 1, 1, 3, 3, 3, 2, 2, 4, 3, 1, 2, 2, 1, 2]), array([-1, -1, -1,  1,  1,  1, -1, -1,  1,  1,  1,  1,  1,  1,  1,  1,  1,
       -1,  1,  1, -1,  1,  1, -1,  1,  1,  1, -1,  1, -1,  1,  1,  1,  1,
        1, -1,  1, -1,  1, -1,  1, -1, -1, -1, -1,  1, -1,  1, -1, -1,  1,
        1, -1,  1, -1, -1, -1,  1,  1]))
(array([2, 2, 4, 2, 3, 2, 1, 1, 1, 2, 1, 4, 1, 3, 3, 1, 4, 3, 3, 1, 2, 3,
       1, 2, 2, 1, 1, 2, 1, 2, 1, 1, 2, 1, 3, 3, 2, 2, 1, 1, 3, 1, 2, 2,
       1, 1, 1, 3, 3, 3, 2, 2, 4, 3, 1, 2, 2, 1, 2, 3]), array([-1, -1, -1,  1,  1,  1, -1, -1,  1,  1,  1,  1,  1,  1,  1,  1,  1,
       -1,  1,  1, -1,  1,  1, -1,  1,  1,  1, -1,  1, -1,  1,  1,  1,  1,
        1, -1,  1, -1,  1, -1,  1, -1, -1, -1, -1,  1, -1,  1, -1, -1,  1,
        1, -1,  1, -1, -1, -1,  1,  1,  1]))
(array([2, 2, 4, 2, 3, 2, 1, 1, 1, 2, 1, 4, 1, 3, 3, 1, 4, 3, 3, 1, 2, 3,
       1, 2, 2, 1, 1, 2, 1, 2, 1, 1, 2, 1, 3, 3, 2, 2, 1, 1, 3, 1, 2, 2,
       1, 1, 1, 3, 3, 3, 2, 2, 4, 3, 1, 2, 2, 1, 2, 3, 4]), array([-1, -1, -1,  1,  1,  1, -1, -1,  1,  1,  1,  1,  1,  1,  1,  1,  1,
       -1,  1,  1, -1,  1,  1, -1,  1,  1,  1, -1,  1, -1,  1,  1,  1,  1,
        1, -1,  1, -1,  1, -1,  1, -1, -1, -1, -1,  1, -1,  1, -1, -1,  1,
        1, -1,  1, -1, -1, -1,  1,  1,  1,  1]))
(array([2, 2, 4, 2, 3, 2, 1, 1, 1, 2, 1, 4, 1, 3, 3, 1, 4, 3, 3, 1, 2, 3,
       1, 2, 2, 1, 1, 2, 1, 2, 1, 1, 2, 1, 3, 3, 2, 2, 1, 1, 3, 1, 2, 2,
       1, 1, 1, 3, 3, 3, 2, 2, 4, 3, 1, 2, 2, 1, 2, 3, 4, 3]), array([-1, -1, -1,  1,  1,  1, -1, -1,  1,  1,  1,  1,  1,  1,  1,  1,  1,
       -1,  1,  1, -1,  1,  1, -1,  1,  1,  1, -1,  1, -1,  1,  1,  1,  1,
        1, -1,  1, -1,  1, -1,  1, -1, -1, -1, -1,  1, -1,  1, -1, -1,  1,
        1, -1,  1, -1, -1, -1,  1,  1,  1,  1, -1]))
(array([2, 2, 4, 2, 3, 2, 1, 1, 1, 2, 1, 4, 1, 3, 3, 1, 4, 3, 3, 1, 2, 3,
       1, 2, 2, 1, 1, 2, 1, 2, 1, 1, 2, 1, 3, 3, 2, 2, 1, 1, 3, 1, 2, 2,
       1, 1, 1, 3, 3, 3, 2, 2, 4, 3, 1, 2, 2, 1, 2, 3, 4, 3, 2]), array([-1, -1, -1,  1,  1,  1, -1, -1,  1,  1,  1,  1,  1,  1,  1,  1,  1,
       -1,  1,  1, -1,  1,  1, -1,  1,  1,  1, -1,  1, -1,  1,  1,  1,  1,
        1, -1,  1, -1,  1, -1,  1, -1, -1, -1, -1,  1, -1,  1, -1, -1,  1,
        1, -1,  1, -1, -1, -1,  1,  1,  1,  1, -1, -1]))
(array([2, 2, 4, 2, 3, 2, 1, 1, 1, 2, 1, 4, 1, 3, 3, 1, 4, 3, 3, 1, 2, 3,
       1, 2, 2, 1, 1, 2, 1, 2, 1, 1, 2, 1, 3, 3, 2, 2, 1, 1, 3, 1, 2, 2,
       1, 1, 1, 3, 3, 3, 2, 2, 4, 3, 1, 2, 2, 1, 2, 3, 4, 3, 2, 3]), array([-1, -1, -1,  1,  1,  1, -1, -1,  1,  1,  1,  1,  1,  1,  1,  1,  1,
       -1,  1,  1, -1,  1,  1, -1,  1,  1,  1, -1,  1, -1,  1,  1,  1,  1,
        1, -1,  1, -1,  1, -1,  1, -1, -1, -1, -1,  1, -1,  1, -1, -1,  1,
        1, -1,  1, -1, -1, -1,  1,  1,  1,  1, -1, -1, -1]))
(array([2, 2, 4, 2, 3, 2, 1, 1, 1, 2, 1, 4, 1, 3, 3, 1, 4, 3, 3, 1, 2, 3,
       1, 2, 2, 1, 1, 2, 1, 2, 1, 1, 2, 1, 3, 3, 2, 2, 1, 1, 3, 1, 2, 2,
       1, 1, 1, 3, 3, 3, 2, 2, 4, 3, 1, 2, 2, 1, 2, 3, 4, 3, 2, 3, 1]), array([-1, -1, -1,  1,  1,  1, -1, -1,  1,  1,  1,  1,  1,  1,  1,  1,  1,
       -1,  1,  1, -1,  1,  1, -1,  1,  1,  1, -1,  1, -1,  1,  1,  1,  1,
        1, -1,  1, -1,  1, -1,  1, -1, -1, -1, -1,  1, -1,  1, -1, -1,  1,
        1, -1,  1, -1, -1, -1,  1,  1,  1,  1, -1, -1, -1, -1]))
(array([2, 2, 4, 2, 3, 2, 1, 1, 1, 2, 1, 4, 1, 3, 3, 1, 4, 3, 3, 1, 2, 3,
       1, 2, 2, 1, 1, 2, 1, 2, 1, 1, 2, 1, 3, 3, 2, 2, 1, 1, 3, 1, 2, 2,
       1, 1, 1, 3, 3, 3, 2, 2, 4, 3, 1, 2, 2, 1, 2, 3, 4, 3, 2, 3, 1, 3]), array([-1, -1, -1,  1,  1,  1, -1, -1,  1,  1,  1,  1,  1,  1,  1,  1,  1,
       -1,  1,  1, -1,  1,  1, -1,  1,  1,  1, -1,  1, -1,  1,  1,  1,  1,
        1, -1,  1, -1,  1, -1,  1, -1, -1, -1, -1,  1, -1,  1, -1, -1,  1,
        1, -1,  1, -1, -1, -1,  1,  1,  1,  1, -1, -1, -1, -1,  1]))
(array([2, 2, 4, 2, 3, 2, 1, 1, 1, 2, 1, 4, 1, 3, 3, 1, 4, 3, 3, 1, 2, 3,
       1, 2, 2, 1, 1, 2, 1, 2, 1, 1, 2, 1, 3, 3, 2, 2, 1, 1, 3, 1, 2, 2,
       1, 1, 1, 3, 3, 3, 2, 2, 4, 3, 1, 2, 2, 1, 2, 3, 4, 3, 2, 3, 1, 3,
       4]), array([-1, -1, -1,  1,  1,  1, -1, -1,  1,  1,  1,  1,  1,  1,  1,  1,  1,
       -1,  1,  1, -1,  1,  1, -1,  1,  1,  1, -1,  1, -1,  1,  1,  1,  1,
        1, -1,  1, -1,  1, -1,  1, -1, -1, -1, -1,  1, -1,  1, -1, -1,  1,
        1, -1,  1, -1, -1, -1,  1,  1,  1,  1, -1, -1, -1, -1,  1, -1]))
(array([2, 2, 4, 2, 3, 2, 1, 1, 1, 2, 1, 4, 1, 3, 3, 1, 4, 3, 3, 1, 2, 3,
       1, 2, 2, 1, 1, 2, 1, 2, 1, 1, 2, 1, 3, 3, 2, 2, 1, 1, 3, 1, 2, 2,
       1, 1, 1, 3, 3, 3, 2, 2, 4, 3, 1, 2, 2, 1, 2, 3, 4, 3, 2, 3, 1, 3,
       4, 1]), array([-1, -1, -1,  1,  1,  1, -1, -1,  1,  1,  1,  1,  1,  1,  1,  1,  1,
       -1,  1,  1, -1,  1,  1, -1,  1,  1,  1, -1,  1, -1,  1,  1,  1,  1,
        1, -1,  1, -1,  1, -1,  1, -1, -1, -1, -1,  1, -1,  1, -1, -1,  1,
        1, -1,  1, -1, -1, -1,  1,  1,  1,  1, -1, -1, -1, -1,  1, -1, -1]))
(array([2, 2, 4, 2, 3, 2, 1, 1, 1, 2, 1, 4, 1, 3, 3, 1, 4, 3, 3, 1, 2, 3,
       1, 2, 2, 1, 1, 2, 1, 2, 1, 1, 2, 1, 3, 3, 2, 2, 1, 1, 3, 1, 2, 2,
       1, 1, 1, 3, 3, 3, 2, 2, 4, 3, 1, 2, 2, 1, 2, 3, 4, 3, 2, 3, 1, 3,
       4, 1, 1]), array([-1, -1, -1,  1,  1,  1, -1, -1,  1,  1,  1,  1,  1,  1,  1,  1,  1,
       -1,  1,  1, -1,  1,  1, -1,  1,  1,  1, -1,  1, -1,  1,  1,  1,  1,
        1, -1,  1, -1,  1, -1,  1, -1, -1, -1, -1,  1, -1,  1, -1, -1,  1,
        1, -1,  1, -1, -1, -1,  1,  1,  1,  1, -1, -1, -1, -1,  1, -1, -1,
        1]))
(array([2, 2, 4, 2, 3, 2, 1, 1, 1, 2, 1, 4, 1, 3, 3, 1, 4, 3, 3, 1, 2, 3,
       1, 2, 2, 1, 1, 2, 1, 2, 1, 1, 2, 1, 3, 3, 2, 2, 1, 1, 3, 1, 2, 2,
       1, 1, 1, 3, 3, 3, 2, 2, 4, 3, 1, 2, 2, 1, 2, 3, 4, 3, 2, 3, 1, 3,
       4, 1, 1, 3]), array([-1, -1, -1,  1,  1,  1, -1, -1,  1,  1,  1,  1,  1,  1,  1,  1,  1,
       -1,  1,  1, -1,  1,  1, -1,  1,  1,  1, -1,  1, -1,  1,  1,  1,  1,
        1, -1,  1, -1,  1, -1,  1, -1, -1, -1, -1,  1, -1,  1, -1, -1,  1,
        1, -1,  1, -1, -1, -1,  1,  1,  1,  1, -1, -1, -1, -1,  1, -1, -1,
        1, -1]))
(array([2, 2, 4, 2, 3, 2, 1, 1, 1, 2, 1, 4, 1, 3, 3, 1, 4, 3, 3, 1, 2, 3,
       1, 2, 2, 1, 1, 2, 1, 2, 1, 1, 2, 1, 3, 3, 2, 2, 1, 1, 3, 1, 2, 2,
       1, 1, 1, 3, 3, 3, 2, 2, 4, 3, 1, 2, 2, 1, 2, 3, 4, 3, 2, 3, 1, 3,
       4, 1, 1, 3, 1]), array([-1, -1, -1,  1,  1,  1, -1, -1,  1,  1,  1,  1,  1,  1,  1,  1,  1,
       -1,  1,  1, -1,  1,  1, -1,  1,  1,  1, -1,  1, -1,  1,  1,  1,  1,
        1, -1,  1, -1,  1, -1,  1, -1, -1, -1, -1,  1, -1,  1, -1, -1,  1,
        1, -1,  1, -1, -1, -1,  1,  1,  1,  1, -1, -1, -1, -1,  1, -1, -1,
        1, -1, -1]))
(array([2, 2, 4, 2, 3, 2, 1, 1, 1, 2, 1, 4, 1, 3, 3, 1, 4, 3, 3, 1, 2, 3,
       1, 2, 2, 1, 1, 2, 1, 2, 1, 1, 2, 1, 3, 3, 2, 2, 1, 1, 3, 1, 2, 2,
       1, 1, 1, 3, 3, 3, 2, 2, 4, 3, 1, 2, 2, 1, 2, 3, 4, 3, 2, 3, 1, 3,
       4, 1, 1, 3, 1, 3]), array([-1, -1, -1,  1,  1,  1, -1, -1,  1,  1,  1,  1,  1,  1,  1,  1,  1,
       -1,  1,  1, -1,  1,  1, -1,  1,  1,  1, -1,  1, -1,  1,  1,  1,  1,
        1, -1,  1, -1,  1, -1,  1, -1, -1, -1, -1,  1, -1,  1, -1, -1,  1,
        1, -1,  1, -1, -1, -1,  1,  1,  1,  1, -1, -1, -1, -1,  1, -1, -1,
        1, -1, -1,  1]))
(array([2, 2, 4, 2, 3, 2, 1, 1, 1, 2, 1, 4, 1, 3, 3, 1, 4, 3, 3, 1, 2, 3,
       1, 2, 2, 1, 1, 2, 1, 2, 1, 1, 2, 1, 3, 3, 2, 2, 1, 1, 3, 1, 2, 2,
       1, 1, 1, 3, 3, 3, 2, 2, 4, 3, 1, 2, 2, 1, 2, 3, 4, 3, 2, 3, 1, 3,
       4, 1, 1, 3, 1, 3, 3]), array([-1, -1, -1,  1,  1,  1, -1, -1,  1,  1,  1,  1,  1,  1,  1,  1,  1,
       -1,  1,  1, -1,  1,  1, -1,  1,  1,  1, -1,  1, -1,  1,  1,  1,  1,
        1, -1,  1, -1,  1, -1,  1, -1, -1, -1, -1,  1, -1,  1, -1, -1,  1,
        1, -1,  1, -1, -1, -1,  1,  1,  1,  1, -1, -1, -1, -1,  1, -1, -1,
        1, -1, -1,  1, -1]))
(array([2, 2, 4, 2, 3, 2, 1, 1, 1, 2, 1, 4, 1, 3, 3, 1, 4, 3, 3, 1, 2, 3,
       1, 2, 2, 1, 1, 2, 1, 2, 1, 1, 2, 1, 3, 3, 2, 2, 1, 1, 3, 1, 2, 2,
       1, 1, 1, 3, 3, 3, 2, 2, 4, 3, 1, 2, 2, 1, 2, 3, 4, 3, 2, 3, 1, 3,
       4, 1, 1, 3, 1, 3, 3, 1]), array([-1, -1, -1,  1,  1,  1, -1, -1,  1,  1,  1,  1,  1,  1,  1,  1,  1,
       -1,  1,  1, -1,  1,  1, -1,  1,  1,  1, -1,  1, -1,  1,  1,  1,  1,
        1, -1,  1, -1,  1, -1,  1, -1, -1, -1, -1,  1, -1,  1, -1, -1,  1,
        1, -1,  1, -1, -1, -1,  1,  1,  1,  1, -1, -1, -1, -1,  1, -1, -1,
        1, -1, -1,  1, -1,  1]))
(array([2, 2, 4, 2, 3, 2, 1, 1, 1, 2, 1, 4, 1, 3, 3, 1, 4, 3, 3, 1, 2, 3,
       1, 2, 2, 1, 1, 2, 1, 2, 1, 1, 2, 1, 3, 3, 2, 2, 1, 1, 3, 1, 2, 2,
       1, 1, 1, 3, 3, 3, 2, 2, 4, 3, 1, 2, 2, 1, 2, 3, 4, 3, 2, 3, 1, 3,
       4, 1, 1, 3, 1, 3, 3, 1, 1]), array([-1, -1, -1,  1,  1,  1, -1, -1,  1,  1,  1,  1,  1,  1,  1,  1,  1,
       -1,  1,  1, -1,  1,  1, -1,  1,  1,  1, -1,  1, -1,  1,  1,  1,  1,
        1, -1,  1, -1,  1, -1,  1, -1, -1, -1, -1,  1, -1,  1, -1, -1,  1,
        1, -1,  1, -1, -1, -1,  1,  1,  1,  1, -1, -1, -1, -1,  1, -1, -1,
        1, -1, -1,  1, -1,  1, -1]))
(array([2, 2, 4, 2, 3, 2, 1, 1, 1, 2, 1, 4, 1, 3, 3, 1, 4, 3, 3, 1, 2, 3,
       1, 2, 2, 1, 1, 2, 1, 2, 1, 1, 2, 1, 3, 3, 2, 2, 1, 1, 3, 1, 2, 2,
       1, 1, 1, 3, 3, 3, 2, 2, 4, 3, 1, 2, 2, 1, 2, 3, 4, 3, 2, 3, 1, 3,
       4, 1, 1, 3, 1, 3, 3, 1, 1, 4]), array([-1, -1, -1,  1,  1,  1, -1, -1,  1,  1,  1,  1,  1,  1,  1,  1,  1,
       -1,  1,  1, -1,  1,  1, -1,  1,  1,  1, -1,  1, -1,  1,  1,  1,  1,
        1, -1,  1, -1,  1, -1,  1, -1, -1, -1, -1,  1, -1,  1, -1, -1,  1,
        1, -1,  1, -1, -1, -1,  1,  1,  1,  1, -1, -1, -1, -1,  1, -1, -1,
        1, -1, -1,  1, -1,  1, -1,  1]))
(array([2, 2, 4, 2, 3, 2, 1, 1, 1, 2, 1, 4, 1, 3, 3, 1, 4, 3, 3, 1, 2, 3,
       1, 2, 2, 1, 1, 2, 1, 2, 1, 1, 2, 1, 3, 3, 2, 2, 1, 1, 3, 1, 2, 2,
       1, 1, 1, 3, 3, 3, 2, 2, 4, 3, 1, 2, 2, 1, 2, 3, 4, 3, 2, 3, 1, 3,
       4, 1, 1, 3, 1, 3, 3, 1, 1, 4, 1]), array([-1, -1, -1,  1,  1,  1, -1, -1,  1,  1,  1,  1,  1,  1,  1,  1,  1,
       -1,  1,  1, -1,  1,  1, -1,  1,  1,  1, -1,  1, -1,  1,  1,  1,  1,
        1, -1,  1, -1,  1, -1,  1, -1, -1, -1, -1,  1, -1,  1, -1, -1,  1,
        1, -1,  1, -1, -1, -1,  1,  1,  1,  1, -1, -1, -1, -1,  1, -1, -1,
        1, -1, -1,  1, -1,  1, -1,  1,  1]))
(array([2, 2, 4, 2, 3, 2, 1, 1, 1, 2, 1, 4, 1, 3, 3, 1, 4, 3, 3, 1, 2, 3,
       1, 2, 2, 1, 1, 2, 1, 2, 1, 1, 2, 1, 3, 3, 2, 2, 1, 1, 3, 1, 2, 2,
       1, 1, 1, 3, 3, 3, 2, 2, 4, 3, 1, 2, 2, 1, 2, 3, 4, 3, 2, 3, 1, 3,
       4, 1, 1, 3, 1, 3, 3, 1, 1, 4, 1, 2]), array([-1, -1, -1,  1,  1,  1, -1, -1,  1,  1,  1,  1,  1,  1,  1,  1,  1,
       -1,  1,  1, -1,  1,  1, -1,  1,  1,  1, -1,  1, -1,  1,  1,  1,  1,
        1, -1,  1, -1,  1, -1,  1, -1, -1, -1, -1,  1, -1,  1, -1, -1,  1,
        1, -1,  1, -1, -1, -1,  1,  1,  1,  1, -1, -1, -1, -1,  1, -1, -1,
        1, -1, -1,  1, -1,  1, -1,  1,  1, -1]))
(array([2, 2, 4, 2, 3, 2, 1, 1, 1, 2, 1, 4, 1, 3, 3, 1, 4, 3, 3, 1, 2, 3,
       1, 2, 2, 1, 1, 2, 1, 2, 1, 1, 2, 1, 3, 3, 2, 2, 1, 1, 3, 1, 2, 2,
       1, 1, 1, 3, 3, 3, 2, 2, 4, 3, 1, 2, 2, 1, 2, 3, 4, 3, 2, 3, 1, 3,
       4, 1, 1, 3, 1, 3, 3, 1, 1, 4, 1, 2, 1]), array([-1, -1, -1,  1,  1,  1, -1, -1,  1,  1,  1,  1,  1,  1,  1,  1,  1,
       -1,  1,  1, -1,  1,  1, -1,  1,  1,  1, -1,  1, -1,  1,  1,  1,  1,
        1, -1,  1, -1,  1, -1,  1, -1, -1, -1, -1,  1, -1,  1, -1, -1,  1,
        1, -1,  1, -1, -1, -1,  1,  1,  1,  1, -1, -1, -1, -1,  1, -1, -1,
        1, -1, -1,  1, -1,  1, -1,  1,  1, -1, -1]))
(array([2, 2, 4, 2, 3, 2, 1, 1, 1, 2, 1, 4, 1, 3, 3, 1, 4, 3, 3, 1, 2, 3,
       1, 2, 2, 1, 1, 2, 1, 2, 1, 1, 2, 1, 3, 3, 2, 2, 1, 1, 3, 1, 2, 2,
       1, 1, 1, 3, 3, 3, 2, 2, 4, 3, 1, 2, 2, 1, 2, 3, 4, 3, 2, 3, 1, 3,
       4, 1, 1, 3, 1, 3, 3, 1, 1, 4, 1, 2, 1, 1]), array([-1, -1, -1,  1,  1,  1, -1, -1,  1,  1,  1,  1,  1,  1,  1,  1,  1,
       -1,  1,  1, -1,  1,  1, -1,  1,  1,  1, -1,  1, -1,  1,  1,  1,  1,
        1, -1,  1, -1,  1, -1,  1, -1, -1, -1, -1,  1, -1,  1, -1, -1,  1,
        1, -1,  1, -1, -1, -1,  1,  1,  1,  1, -1, -1, -1, -1,  1, -1, -1,
        1, -1, -1,  1, -1,  1, -1,  1,  1, -1, -1,  1]))
(array([2, 2, 4, 2, 3, 2, 1, 1, 1, 2, 1, 4, 1, 3, 3, 1, 4, 3, 3, 1, 2, 3,
       1, 2, 2, 1, 1, 2, 1, 2, 1, 1, 2, 1, 3, 3, 2, 2, 1, 1, 3, 1, 2, 2,
       1, 1, 1, 3, 3, 3, 2, 2, 4, 3, 1, 2, 2, 1, 2, 3, 4, 3, 2, 3, 1, 3,
       4, 1, 1, 3, 1, 3, 3, 1, 1, 4, 1, 2, 1, 1, 1]), array([-1, -1, -1,  1,  1,  1, -1, -1,  1,  1,  1,  1,  1,  1,  1,  1,  1,
       -1,  1,  1, -1,  1,  1, -1,  1,  1,  1, -1,  1, -1,  1,  1,  1,  1,
        1, -1,  1, -1,  1, -1,  1, -1, -1, -1, -1,  1, -1,  1, -1, -1,  1,
        1, -1,  1, -1, -1, -1,  1,  1,  1,  1, -1, -1, -1, -1,  1, -1, -1,
        1, -1, -1,  1, -1,  1, -1,  1,  1, -1, -1,  1,  1]))
(array([2, 2, 4, 2, 3, 2, 1, 1, 1, 2, 1, 4, 1, 3, 3, 1, 4, 3, 3, 1, 2, 3,
       1, 2, 2, 1, 1, 2, 1, 2, 1, 1, 2, 1, 3, 3, 2, 2, 1, 1, 3, 1, 2, 2,
       1, 1, 1, 3, 3, 3, 2, 2, 4, 3, 1, 2, 2, 1, 2, 3, 4, 3, 2, 3, 1, 3,
       4, 1, 1, 3, 1, 3, 3, 1, 1, 4, 1, 2, 1, 1, 1, 2]), array([-1, -1, -1,  1,  1,  1, -1, -1,  1,  1,  1,  1,  1,  1,  1,  1,  1,
       -1,  1,  1, -1,  1,  1, -1,  1,  1,  1, -1,  1, -1,  1,  1,  1,  1,
        1, -1,  1, -1,  1, -1,  1, -1, -1, -1, -1,  1, -1,  1, -1, -1,  1,
        1, -1,  1, -1, -1, -1,  1,  1,  1,  1, -1, -1, -1, -1,  1, -1, -1,
        1, -1, -1,  1, -1,  1, -1,  1,  1, -1, -1,  1,  1,  1]))
(array([2, 2, 4, 2, 3, 2, 1, 1, 1, 2, 1, 4, 1, 3, 3, 1, 4, 3, 3, 1, 2, 3,
       1, 2, 2, 1, 1, 2, 1, 2, 1, 1, 2, 1, 3, 3, 2, 2, 1, 1, 3, 1, 2, 2,
       1, 1, 1, 3, 3, 3, 2, 2, 4, 3, 1, 2, 2, 1, 2, 3, 4, 3, 2, 3, 1, 3,
       4, 1, 1, 3, 1, 3, 3, 1, 1, 4, 1, 2, 1, 1, 1, 2, 2]), array([-1, -1, -1,  1,  1,  1, -1, -1,  1,  1,  1,  1,  1,  1,  1,  1,  1,
       -1,  1,  1, -1,  1,  1, -1,  1,  1,  1, -1,  1, -1,  1,  1,  1,  1,
        1, -1,  1, -1,  1, -1,  1, -1, -1, -1, -1,  1, -1,  1, -1, -1,  1,
        1, -1,  1, -1, -1, -1,  1,  1,  1,  1, -1, -1, -1, -1,  1, -1, -1,
        1, -1, -1,  1, -1,  1, -1,  1,  1, -1, -1,  1,  1,  1,  1]))
(array([2, 2, 4, 2, 3, 2, 1, 1, 1, 2, 1, 4, 1, 3, 3, 1, 4, 3, 3, 1, 2, 3,
       1, 2, 2, 1, 1, 2, 1, 2, 1, 1, 2, 1, 3, 3, 2, 2, 1, 1, 3, 1, 2, 2,
       1, 1, 1, 3, 3, 3, 2, 2, 4, 3, 1, 2, 2, 1, 2, 3, 4, 3, 2, 3, 1, 3,
       4, 1, 1, 3, 1, 3, 3, 1, 1, 4, 1, 2, 1, 1, 1, 2, 2, 3]), array([-1, -1, -1,  1,  1,  1, -1, -1,  1,  1,  1,  1,  1,  1,  1,  1,  1,
       -1,  1,  1, -1,  1,  1, -1,  1,  1,  1, -1,  1, -1,  1,  1,  1,  1,
        1, -1,  1, -1,  1, -1,  1, -1, -1, -1, -1,  1, -1,  1, -1, -1,  1,
        1, -1,  1, -1, -1, -1,  1,  1,  1,  1, -1, -1, -1, -1,  1, -1, -1,
        1, -1, -1,  1, -1,  1, -1,  1,  1, -1, -1,  1,  1,  1,  1,  1]))
(array([2, 2, 4, 2, 3, 2, 1, 1, 1, 2, 1, 4, 1, 3, 3, 1, 4, 3, 3, 1, 2, 3,
       1, 2, 2, 1, 1, 2, 1, 2, 1, 1, 2, 1, 3, 3, 2, 2, 1, 1, 3, 1, 2, 2,
       1, 1, 1, 3, 3, 3, 2, 2, 4, 3, 1, 2, 2, 1, 2, 3, 4, 3, 2, 3, 1, 3,
       4, 1, 1, 3, 1, 3, 3, 1, 1, 4, 1, 2, 1, 1, 1, 2, 2, 3, 3]), array([-1, -1, -1,  1,  1,  1, -1, -1,  1,  1,  1,  1,  1,  1,  1,  1,  1,
       -1,  1,  1, -1,  1,  1, -1,  1,  1,  1, -1,  1, -1,  1,  1,  1,  1,
        1, -1,  1, -1,  1, -1,  1, -1, -1, -1, -1,  1, -1,  1, -1, -1,  1,
        1, -1,  1, -1, -1, -1,  1,  1,  1,  1, -1, -1, -1, -1,  1, -1, -1,
        1, -1, -1,  1, -1,  1, -1,  1,  1, -1, -1,  1,  1,  1,  1,  1, -1]))
(array([2, 2, 4, 2, 3, 2, 1, 1, 1, 2, 1, 4, 1, 3, 3, 1, 4, 3, 3, 1, 2, 3,
       1, 2, 2, 1, 1, 2, 1, 2, 1, 1, 2, 1, 3, 3, 2, 2, 1, 1, 3, 1, 2, 2,
       1, 1, 1, 3, 3, 3, 2, 2, 4, 3, 1, 2, 2, 1, 2, 3, 4, 3, 2, 3, 1, 3,
       4, 1, 1, 3, 1, 3, 3, 1, 1, 4, 1, 2, 1, 1, 1, 2, 2, 3, 3, 2]), array([-1, -1, -1,  1,  1,  1, -1, -1,  1,  1,  1,  1,  1,  1,  1,  1,  1,
       -1,  1,  1, -1,  1,  1, -1,  1,  1,  1, -1,  1, -1,  1,  1,  1,  1,
        1, -1,  1, -1,  1, -1,  1, -1, -1, -1, -1,  1, -1,  1, -1, -1,  1,
        1, -1,  1, -1, -1, -1,  1,  1,  1,  1, -1, -1, -1, -1,  1, -1, -1,
        1, -1, -1,  1, -1,  1, -1,  1,  1, -1, -1,  1,  1,  1,  1,  1, -1,
       -1]))
(array([2, 2, 4, 2, 3, 2, 1, 1, 1, 2, 1, 4, 1, 3, 3, 1, 4, 3, 3, 1, 2, 3,
       1, 2, 2, 1, 1, 2, 1, 2, 1, 1, 2, 1, 3, 3, 2, 2, 1, 1, 3, 1, 2, 2,
       1, 1, 1, 3, 3, 3, 2, 2, 4, 3, 1, 2, 2, 1, 2, 3, 4, 3, 2, 3, 1, 3,
       4, 1, 1, 3, 1, 3, 3, 1, 1, 4, 1, 2, 1, 1, 1, 2, 2, 3, 3, 2, 2]), array([-1, -1, -1,  1,  1,  1, -1, -1,  1,  1,  1,  1,  1,  1,  1,  1,  1,
       -1,  1,  1, -1,  1,  1, -1,  1,  1,  1, -1,  1, -1,  1,  1,  1,  1,
        1, -1,  1, -1,  1, -1,  1, -1, -1, -1, -1,  1, -1,  1, -1, -1,  1,
        1, -1,  1, -1, -1, -1,  1,  1,  1,  1, -1, -1, -1, -1,  1, -1, -1,
        1, -1, -1,  1, -1,  1, -1,  1,  1, -1, -1,  1,  1,  1,  1,  1, -1,
       -1,  1]))
(array([2, 2, 4, 2, 3, 2, 1, 1, 1, 2, 1, 4, 1, 3, 3, 1, 4, 3, 3, 1, 2, 3,
       1, 2, 2, 1, 1, 2, 1, 2, 1, 1, 2, 1, 3, 3, 2, 2, 1, 1, 3, 1, 2, 2,
       1, 1, 1, 3, 3, 3, 2, 2, 4, 3, 1, 2, 2, 1, 2, 3, 4, 3, 2, 3, 1, 3,
       4, 1, 1, 3, 1, 3, 3, 1, 1, 4, 1, 2, 1, 1, 1, 2, 2, 3, 3, 2, 2, 1]), array([-1, -1, -1,  1,  1,  1, -1, -1,  1,  1,  1,  1,  1,  1,  1,  1,  1,
       -1,  1,  1, -1,  1,  1, -1,  1,  1,  1, -1,  1, -1,  1,  1,  1,  1,
        1, -1,  1, -1,  1, -1,  1, -1, -1, -1, -1,  1, -1,  1, -1, -1,  1,
        1, -1,  1, -1, -1, -1,  1,  1,  1,  1, -1, -1, -1, -1,  1, -1, -1,
        1, -1, -1,  1, -1,  1, -1,  1,  1, -1, -1,  1,  1,  1,  1,  1, -1,
       -1,  1,  1]))
(array([2, 2, 4, 2, 3, 2, 1, 1, 1, 2, 1, 4, 1, 3, 3, 1, 4, 3, 3, 1, 2, 3,
       1, 2, 2, 1, 1, 2, 1, 2, 1, 1, 2, 1, 3, 3, 2, 2, 1, 1, 3, 1, 2, 2,
       1, 1, 1, 3, 3, 3, 2, 2, 4, 3, 1, 2, 2, 1, 2, 3, 4, 3, 2, 3, 1, 3,
       4, 1, 1, 3, 1, 3, 3, 1, 1, 4, 1, 2, 1, 1, 1, 2, 2, 3, 3, 2, 2, 1,
       1]), array([-1, -1, -1,  1,  1,  1, -1, -1,  1,  1,  1,  1,  1,  1,  1,  1,  1,
       -1,  1,  1, -1,  1,  1, -1,  1,  1,  1, -1,  1, -1,  1,  1,  1,  1,
        1, -1,  1, -1,  1, -1,  1, -1, -1, -1, -1,  1, -1,  1, -1, -1,  1,
        1, -1,  1, -1, -1, -1,  1,  1,  1,  1, -1, -1, -1, -1,  1, -1, -1,
        1, -1, -1,  1, -1,  1, -1,  1,  1, -1, -1,  1,  1,  1,  1,  1, -1,
       -1,  1,  1,  1]))
(array([2, 2, 4, 2, 3, 2, 1, 1, 1, 2, 1, 4, 1, 3, 3, 1, 4, 3, 3, 1, 2, 3,
       1, 2, 2, 1, 1, 2, 1, 2, 1, 1, 2, 1, 3, 3, 2, 2, 1, 1, 3, 1, 2, 2,
       1, 1, 1, 3, 3, 3, 2, 2, 4, 3, 1, 2, 2, 1, 2, 3, 4, 3, 2, 3, 1, 3,
       4, 1, 1, 3, 1, 3, 3, 1, 1, 4, 1, 2, 1, 1, 1, 2, 2, 3, 3, 2, 2, 1,
       1, 3]), array([-1, -1, -1,  1,  1,  1, -1, -1,  1,  1,  1,  1,  1,  1,  1,  1,  1,
       -1,  1,  1, -1,  1,  1, -1,  1,  1,  1, -1,  1, -1,  1,  1,  1,  1,
        1, -1,  1, -1,  1, -1,  1, -1, -1, -1, -1,  1, -1,  1, -1, -1,  1,
        1, -1,  1, -1, -1, -1,  1,  1,  1,  1, -1, -1, -1, -1,  1, -1, -1,
        1, -1, -1,  1, -1,  1, -1,  1,  1, -1, -1,  1,  1,  1,  1,  1, -1,
       -1,  1,  1,  1,  1]))
(array([2, 2, 4, 2, 3, 2, 1, 1, 1, 2, 1, 4, 1, 3, 3, 1, 4, 3, 3, 1, 2, 3,
       1, 2, 2, 1, 1, 2, 1, 2, 1, 1, 2, 1, 3, 3, 2, 2, 1, 1, 3, 1, 2, 2,
       1, 1, 1, 3, 3, 3, 2, 2, 4, 3, 1, 2, 2, 1, 2, 3, 4, 3, 2, 3, 1, 3,
       4, 1, 1, 3, 1, 3, 3, 1, 1, 4, 1, 2, 1, 1, 1, 2, 2, 3, 3, 2, 2, 1,
       1, 3, 1]), array([-1, -1, -1,  1,  1,  1, -1, -1,  1,  1,  1,  1,  1,  1,  1,  1,  1,
       -1,  1,  1, -1,  1,  1, -1,  1,  1,  1, -1,  1, -1,  1,  1,  1,  1,
        1, -1,  1, -1,  1, -1,  1, -1, -1, -1, -1,  1, -1,  1, -1, -1,  1,
        1, -1,  1, -1, -1, -1,  1,  1,  1,  1, -1, -1, -1, -1,  1, -1, -1,
        1, -1, -1,  1, -1,  1, -1,  1,  1, -1, -1,  1,  1,  1,  1,  1, -1,
       -1,  1,  1,  1,  1, -1]))
(array([2, 2, 4, 2, 3, 2, 1, 1, 1, 2, 1, 4, 1, 3, 3, 1, 4, 3, 3, 1, 2, 3,
       1, 2, 2, 1, 1, 2, 1, 2, 1, 1, 2, 1, 3, 3, 2, 2, 1, 1, 3, 1, 2, 2,
       1, 1, 1, 3, 3, 3, 2, 2, 4, 3, 1, 2, 2, 1, 2, 3, 4, 3, 2, 3, 1, 3,
       4, 1, 1, 3, 1, 3, 3, 1, 1, 4, 1, 2, 1, 1, 1, 2, 2, 3, 3, 2, 2, 1,
       1, 3, 1, 2]), array([-1, -1, -1,  1,  1,  1, -1, -1,  1,  1,  1,  1,  1,  1,  1,  1,  1,
       -1,  1,  1, -1,  1,  1, -1,  1,  1,  1, -1,  1, -1,  1,  1,  1,  1,
        1, -1,  1, -1,  1, -1,  1, -1, -1, -1, -1,  1, -1,  1, -1, -1,  1,
        1, -1,  1, -1, -1, -1,  1,  1,  1,  1, -1, -1, -1, -1,  1, -1, -1,
        1, -1, -1,  1, -1,  1, -1,  1,  1, -1, -1,  1,  1,  1,  1,  1, -1,
       -1,  1,  1,  1,  1, -1, -1]))
(array([2, 2, 4, 2, 3, 2, 1, 1, 1, 2, 1, 4, 1, 3, 3, 1, 4, 3, 3, 1, 2, 3,
       1, 2, 2, 1, 1, 2, 1, 2, 1, 1, 2, 1, 3, 3, 2, 2, 1, 1, 3, 1, 2, 2,
       1, 1, 1, 3, 3, 3, 2, 2, 4, 3, 1, 2, 2, 1, 2, 3, 4, 3, 2, 3, 1, 3,
       4, 1, 1, 3, 1, 3, 3, 1, 1, 4, 1, 2, 1, 1, 1, 2, 2, 3, 3, 2, 2, 1,
       1, 3, 1, 2, 2]), array([-1, -1, -1,  1,  1,  1, -1, -1,  1,  1,  1,  1,  1,  1,  1,  1,  1,
       -1,  1,  1, -1,  1,  1, -1,  1,  1,  1, -1,  1, -1,  1,  1,  1,  1,
        1, -1,  1, -1,  1, -1,  1, -1, -1, -1, -1,  1, -1,  1, -1, -1,  1,
        1, -1,  1, -1, -1, -1,  1,  1,  1,  1, -1, -1, -1, -1,  1, -1, -1,
        1, -1, -1,  1, -1,  1, -1,  1,  1, -1, -1,  1,  1,  1,  1,  1, -1,
       -1,  1,  1,  1,  1, -1, -1,  1]))
(array([2, 2, 4, 2, 3, 2, 1, 1, 1, 2, 1, 4, 1, 3, 3, 1, 4, 3, 3, 1, 2, 3,
       1, 2, 2, 1, 1, 2, 1, 2, 1, 1, 2, 1, 3, 3, 2, 2, 1, 1, 3, 1, 2, 2,
       1, 1, 1, 3, 3, 3, 2, 2, 4, 3, 1, 2, 2, 1, 2, 3, 4, 3, 2, 3, 1, 3,
       4, 1, 1, 3, 1, 3, 3, 1, 1, 4, 1, 2, 1, 1, 1, 2, 2, 3, 3, 2, 2, 1,
       1, 3, 1, 2, 2, 1]), array([-1, -1, -1,  1,  1,  1, -1, -1,  1,  1,  1,  1,  1,  1,  1,  1,  1,
       -1,  1,  1, -1,  1,  1, -1,  1,  1,  1, -1,  1, -1,  1,  1,  1,  1,
        1, -1,  1, -1,  1, -1,  1, -1, -1, -1, -1,  1, -1,  1, -1, -1,  1,
        1, -1,  1, -1, -1, -1,  1,  1,  1,  1, -1, -1, -1, -1,  1, -1, -1,
        1, -1, -1,  1, -1,  1, -1,  1,  1, -1, -1,  1,  1,  1,  1,  1, -1,
       -1,  1,  1,  1,  1, -1, -1,  1, -1]))
(array([2, 2, 4, 2, 3, 2, 1, 1, 1, 2, 1, 4, 1, 3, 3, 1, 4, 3, 3, 1, 2, 3,
       1, 2, 2, 1, 1, 2, 1, 2, 1, 1, 2, 1, 3, 3, 2, 2, 1, 1, 3, 1, 2, 2,
       1, 1, 1, 3, 3, 3, 2, 2, 4, 3, 1, 2, 2, 1, 2, 3, 4, 3, 2, 3, 1, 3,
       4, 1, 1, 3, 1, 3, 3, 1, 1, 4, 1, 2, 1, 1, 1, 2, 2, 3, 3, 2, 2, 1,
       1, 3, 1, 2, 2, 1, 1]), array([-1, -1, -1,  1,  1,  1, -1, -1,  1,  1,  1,  1,  1,  1,  1,  1,  1,
       -1,  1,  1, -1,  1,  1, -1,  1,  1,  1, -1,  1, -1,  1,  1,  1,  1,
        1, -1,  1, -1,  1, -1,  1, -1, -1, -1, -1,  1, -1,  1, -1, -1,  1,
        1, -1,  1, -1, -1, -1,  1,  1,  1,  1, -1, -1, -1, -1,  1, -1, -1,
        1, -1, -1,  1, -1,  1, -1,  1,  1, -1, -1,  1,  1,  1,  1,  1, -1,
       -1,  1,  1,  1,  1, -1, -1,  1, -1,  1]))
(array([2, 2, 4, 2, 3, 2, 1, 1, 1, 2, 1, 4, 1, 3, 3, 1, 4, 3, 3, 1, 2, 3,
       1, 2, 2, 1, 1, 2, 1, 2, 1, 1, 2, 1, 3, 3, 2, 2, 1, 1, 3, 1, 2, 2,
       1, 1, 1, 3, 3, 3, 2, 2, 4, 3, 1, 2, 2, 1, 2, 3, 4, 3, 2, 3, 1, 3,
       4, 1, 1, 3, 1, 3, 3, 1, 1, 4, 1, 2, 1, 1, 1, 2, 2, 3, 3, 2, 2, 1,
       1, 3, 1, 2, 2, 1, 1, 2]), array([-1, -1, -1,  1,  1,  1, -1, -1,  1,  1,  1,  1,  1,  1,  1,  1,  1,
       -1,  1,  1, -1,  1,  1, -1,  1,  1,  1, -1,  1, -1,  1,  1,  1,  1,
        1, -1,  1, -1,  1, -1,  1, -1, -1, -1, -1,  1, -1,  1, -1, -1,  1,
        1, -1,  1, -1, -1, -1,  1,  1,  1,  1, -1, -1, -1, -1,  1, -1, -1,
        1, -1, -1,  1, -1,  1, -1,  1,  1, -1, -1,  1,  1,  1,  1,  1, -1,
       -1,  1,  1,  1,  1, -1, -1,  1, -1,  1,  1]))
(array([2, 2, 4, 2, 3, 2, 1, 1, 1, 2, 1, 4, 1, 3, 3, 1, 4, 3, 3, 1, 2, 3,
       1, 2, 2, 1, 1, 2, 1, 2, 1, 1, 2, 1, 3, 3, 2, 2, 1, 1, 3, 1, 2, 2,
       1, 1, 1, 3, 3, 3, 2, 2, 4, 3, 1, 2, 2, 1, 2, 3, 4, 3, 2, 3, 1, 3,
       4, 1, 1, 3, 1, 3, 3, 1, 1, 4, 1, 2, 1, 1, 1, 2, 2, 3, 3, 2, 2, 1,
       1, 3, 1, 2, 2, 1, 1, 2, 1]), array([-1, -1, -1,  1,  1,  1, -1, -1,  1,  1,  1,  1,  1,  1,  1,  1,  1,
       -1,  1,  1, -1,  1,  1, -1,  1,  1,  1, -1,  1, -1,  1,  1,  1,  1,
        1, -1,  1, -1,  1, -1,  1, -1, -1, -1, -1,  1, -1,  1, -1, -1,  1,
        1, -1,  1, -1, -1, -1,  1,  1,  1,  1, -1, -1, -1, -1,  1, -1, -1,
        1, -1, -1,  1, -1,  1, -1,  1,  1, -1, -1,  1,  1,  1,  1,  1, -1,
       -1,  1,  1,  1,  1, -1, -1,  1, -1,  1,  1, -1]))
(array([2, 2, 4, 2, 3, 2, 1, 1, 1, 2, 1, 4, 1, 3, 3, 1, 4, 3, 3, 1, 2, 3,
       1, 2, 2, 1, 1, 2, 1, 2, 1, 1, 2, 1, 3, 3, 2, 2, 1, 1, 3, 1, 2, 2,
       1, 1, 1, 3, 3, 3, 2, 2, 4, 3, 1, 2, 2, 1, 2, 3, 4, 3, 2, 3, 1, 3,
       4, 1, 1, 3, 1, 3, 3, 1, 1, 4, 1, 2, 1, 1, 1, 2, 2, 3, 3, 2, 2, 1,
       1, 3, 1, 2, 2, 1, 1, 2, 1, 3]), array([-1, -1, -1,  1,  1,  1, -1, -1,  1,  1,  1,  1,  1,  1,  1,  1,  1,
       -1,  1,  1, -1,  1,  1, -1,  1,  1,  1, -1,  1, -1,  1,  1,  1,  1,
        1, -1,  1, -1,  1, -1,  1, -1, -1, -1, -1,  1, -1,  1, -1, -1,  1,
        1, -1,  1, -1, -1, -1,  1,  1,  1,  1, -1, -1, -1, -1,  1, -1, -1,
        1, -1, -1,  1, -1,  1, -1,  1,  1, -1, -1,  1,  1,  1,  1,  1, -1,
       -1,  1,  1,  1,  1, -1, -1,  1, -1,  1,  1, -1, -1]))
(array([2, 2, 4, 2, 3, 2, 1, 1, 1, 2, 1, 4, 1, 3, 3, 1, 4, 3, 3, 1, 2, 3,
       1, 2, 2, 1, 1, 2, 1, 2, 1, 1, 2, 1, 3, 3, 2, 2, 1, 1, 3, 1, 2, 2,
       1, 1, 1, 3, 3, 3, 2, 2, 4, 3, 1, 2, 2, 1, 2, 3, 4, 3, 2, 3, 1, 3,
       4, 1, 1, 3, 1, 3, 3, 1, 1, 4, 1, 2, 1, 1, 1, 2, 2, 3, 3, 2, 2, 1,
       1, 3, 1, 2, 2, 1, 1, 2, 1, 3, 4]), array([-1, -1, -1,  1,  1,  1, -1, -1,  1,  1,  1,  1,  1,  1,  1,  1,  1,
       -1,  1,  1, -1,  1,  1, -1,  1,  1,  1, -1,  1, -1,  1,  1,  1,  1,
        1, -1,  1, -1,  1, -1,  1, -1, -1, -1, -1,  1, -1,  1, -1, -1,  1,
        1, -1,  1, -1, -1, -1,  1,  1,  1,  1, -1, -1, -1, -1,  1, -1, -1,
        1, -1, -1,  1, -1,  1, -1,  1,  1, -1, -1,  1,  1,  1,  1,  1, -1,
       -1,  1,  1,  1,  1, -1, -1,  1, -1,  1,  1, -1, -1, -1]))
(array([2, 2, 4, 2, 3, 2, 1, 1, 1, 2, 1, 4, 1, 3, 3, 1, 4, 3, 3, 1, 2, 3,
       1, 2, 2, 1, 1, 2, 1, 2, 1, 1, 2, 1, 3, 3, 2, 2, 1, 1, 3, 1, 2, 2,
       1, 1, 1, 3, 3, 3, 2, 2, 4, 3, 1, 2, 2, 1, 2, 3, 4, 3, 2, 3, 1, 3,
       4, 1, 1, 3, 1, 3, 3, 1, 1, 4, 1, 2, 1, 1, 1, 2, 2, 3, 3, 2, 2, 1,
       1, 3, 1, 2, 2, 1, 1, 2, 1, 3, 4, 2]), array([-1, -1, -1,  1,  1,  1, -1, -1,  1,  1,  1,  1,  1,  1,  1,  1,  1,
       -1,  1,  1, -1,  1,  1, -1,  1,  1,  1, -1,  1, -1,  1,  1,  1,  1,
        1, -1,  1, -1,  1, -1,  1, -1, -1, -1, -1,  1, -1,  1, -1, -1,  1,
        1, -1,  1, -1, -1, -1,  1,  1,  1,  1, -1, -1, -1, -1,  1, -1, -1,
        1, -1, -1,  1, -1,  1, -1,  1,  1, -1, -1,  1,  1,  1,  1,  1, -1,
       -1,  1,  1,  1,  1, -1, -1,  1, -1,  1,  1, -1, -1, -1, -1]))
(array([2, 2, 4, 2, 3, 2, 1, 1, 1, 2, 1, 4, 1, 3, 3, 1, 4, 3, 3, 1, 2, 3,
       1, 2, 2, 1, 1, 2, 1, 2, 1, 1, 2, 1, 3, 3, 2, 2, 1, 1, 3, 1, 2, 2,
       1, 1, 1, 3, 3, 3, 2, 2, 4, 3, 1, 2, 2, 1, 2, 3, 4, 3, 2, 3, 1, 3,
       4, 1, 1, 3, 1, 3, 3, 1, 1, 4, 1, 2, 1, 1, 1, 2, 2, 3, 3, 2, 2, 1,
       1, 3, 1, 2, 2, 1, 1, 2, 1, 3, 4, 2, 1]), array([-1, -1, -1,  1,  1,  1, -1, -1,  1,  1,  1,  1,  1,  1,  1,  1,  1,
       -1,  1,  1, -1,  1,  1, -1,  1,  1,  1, -1,  1, -1,  1,  1,  1,  1,
        1, -1,  1, -1,  1, -1,  1, -1, -1, -1, -1,  1, -1,  1, -1, -1,  1,
        1, -1,  1, -1, -1, -1,  1,  1,  1,  1, -1, -1, -1, -1,  1, -1, -1,
        1, -1, -1,  1, -1,  1, -1,  1,  1, -1, -1,  1,  1,  1,  1,  1, -1,
       -1,  1,  1,  1,  1, -1, -1,  1, -1,  1,  1, -1, -1, -1, -1, -1]))
FDTC of word 0: 0
FDTC of word 1: 0
FDTC of word 2: 0
FDTC of word 3: 0
FDTC of word 4: 0
FDTC of word 5: 0
FDTC of word 6: 0
FDTC of word 7: 0
FDTC of word 8: 0
FDTC of word 9: 0
FDTC of word 10: 0
FDTC of word 11: 0
FDTC of word 12: 0
FDTC of word 13: 1/3
FDTC of word 14: 1/3
FDTC of word 15: 1/3
FDTC of word 16: 1/3
FDTC of word 17: 1/3
FDTC of word 18: 1/3
FDTC of word 19: 1/3
FDTC of word 20: 1/3
FDTC of word 21: 1/3
FDTC of word 22: 1/3
FDTC of word 23: 1/3
FDTC of word 24: 1/3
FDTC of word 25: 1/3
FDTC of word 26: 1/3
FDTC of word 27: 1/3
FDTC of word 28: 1/3
FDTC of word 29: 1/3
FDTC of word 30: 1/3
FDTC of word 31: 1/3
FDTC of word 32: 1/3
FDTC of word 33: 1/2
FDTC of word 34: 1/2
FDTC of word 35: 1/2
FDTC of word 36: 1/2
FDTC of word 37: 1/2
FDTC of word 38: 1/2
FDTC of word 39: 1/2
FDTC of word 40: 1/2
FDTC of word 41: 1/2
FDTC of word 42: 1/2
FDTC of word 43: 1/2
FDTC of word 44: 1/2
FDTC of word 45: 1/2
FDTC of word 46: 1/2
FDTC of word 47: 1/2
FDTC of word 48: 1/2
FDTC of word 49: 0
FDTC of word 50: 0
FDTC of word 51: 0
FDTC of word 52: 0
FDTC of word 53: 0
FDTC of word 54: 0
FDTC of word 55: 0
FDTC of word 56: 0
FDTC of word 57: 0
FDTC of word 58: 0
FDTC of word 59: 0
FDTC of word 60: 0
FDTC of word 61: 0
FDTC of word 62: 0
FDTC of word 63: 0
FDTC of word 64: 0
FDTC of word 65: 0
FDTC of word 66: 0
FDTC of word 67: 0
FDTC of word 68: 0
FDTC of word 69: 0
FDTC of word 70: 0
FDTC of word 71: 0
FDTC of word 72: 0
FDTC of word 73: 0
FDTC of word 74: 0
FDTC of word 75: 0
FDTC of word 76: 0
FDTC of word 77: 0
FDTC of word 78: 0
FDTC of word 79: 0
FDTC of word 80: 0
FDTC of word 81: 0
FDTC of word 82: 0
FDTC of word 83: 0
FDTC of word 84: 0
FDTC of word 85: 0
FDTC of word 86: 0
FDTC of word 87: 0
FDTC of word 88: 0
FDTC of word 89: 0
FDTC of word 90: 0
FDTC of word 91: 0
FDTC of word 92: 0
FDTC of word 93: 0
FDTC of word 94: 0
FDTC of word 95: 0
FDTC of word 96: 0
FDTC of word 97: 0
FDTC of word 98: 0
FDTC of word 99: 0
FDTC of word 100: 0
====FREQUENCY TABLE======
For p=[0.4, 0.3, 0.2, 0.1] distribution, in B_5 we have:
0      64.4%
1/3    19.8%
1/2    15.8%
Name: Fractional parts, dtype: object
====TRANSITION FREQUENCY TABLE======
For p=[0.4, 0.3, 0.2, 0.1] distribution, in B_5 we have:
(0, 0)        63.0%
(1/3, 1/3)    19.0%
(1/2, 1/2)    15.0%
(0, 1/3)       1.0%
(1/3, 1/2)     1.0%
(1/2, 0)       1.0%
Name: Transitions, dtype: object
