(array([1]), array([1]))
(array([1, 2]), array([ 1, -1]))
(array([1, 2, 1]), array([ 1, -1, -1]))
(array([1, 2, 1, 1]), array([ 1, -1, -1,  1]))
(array([1, 2, 1, 1, 1]), array([ 1, -1, -1,  1,  1]))
(array([1, 2, 1, 1, 1, 2]), array([ 1, -1, -1,  1,  1, -1]))
(array([1, 2, 1, 1, 1, 2, 3]), array([ 1, -1, -1,  1,  1, -1,  1]))
(array([1, 2, 1, 1, 1, 2, 3, 1]), array([ 1, -1, -1,  1,  1, -1,  1, -1]))
(array([1, 2, 1, 1, 1, 2, 3, 1, 3]), array([ 1, -1, -1,  1,  1, -1,  1, -1, -1]))
(array([1, 2, 1, 1, 1, 2, 3, 1, 3, 1]), array([ 1, -1, -1,  1,  1, -1,  1, -1, -1,  1]))
(array([1, 2, 1, 1, 1, 2, 3, 1, 3, 1, 3]), array([ 1, -1, -1,  1,  1, -1,  1, -1, -1,  1, -1]))
(array([1, 2, 1, 1, 1, 2, 3, 1, 3, 1, 3, 1]), array([ 1, -1, -1,  1,  1, -1,  1, -1, -1,  1, -1, -1]))
(array([1, 2, 1, 1, 1, 2, 3, 1, 3, 1, 3, 1, 3]), array([ 1, -1, -1,  1,  1, -1,  1, -1, -1,  1, -1, -1, -1]))
(array([1, 2, 1, 1, 1, 2, 3, 1, 3, 1, 3, 1, 3, 2]), array([ 1, -1, -1,  1,  1, -1,  1, -1, -1,  1, -1, -1, -1, -1]))
(array([1, 2, 1, 1, 1, 2, 3, 1, 3, 1, 3, 1, 3, 2, 1]), array([ 1, -1, -1,  1,  1, -1,  1, -1, -1,  1, -1, -1, -1, -1,  1]))
(array([1, 2, 1, 1, 1, 2, 3, 1, 3, 1, 3, 1, 3, 2, 1, 1]), array([ 1, -1, -1,  1,  1, -1,  1, -1, -1,  1, -1, -1, -1, -1,  1, -1]))
(array([1, 2, 1, 1, 1, 2, 3, 1, 3, 1, 3, 1, 3, 2, 1, 1, 2]), array([ 1, -1, -1,  1,  1, -1,  1, -1, -1,  1, -1, -1, -1, -1,  1, -1, -1]))
(array([1, 2, 1, 1, 1, 2, 3, 1, 3, 1, 3, 1, 3, 2, 1, 1, 2, 1]), array([ 1, -1, -1,  1,  1, -1,  1, -1, -1,  1, -1, -1, -1, -1,  1, -1, -1,
        1]))
(array([1, 2, 1, 1, 1, 2, 3, 1, 3, 1, 3, 1, 3, 2, 1, 1, 2, 1, 3]), array([ 1, -1, -1,  1,  1, -1,  1, -1, -1,  1, -1, -1, -1, -1,  1, -1, -1,
        1,  1]))
(array([1, 2, 1, 1, 1, 2, 3, 1, 3, 1, 3, 1, 3, 2, 1, 1, 2, 1, 3, 2]), array([ 1, -1, -1,  1,  1, -1,  1, -1, -1,  1, -1, -1, -1, -1,  1, -1, -1,
        1,  1,  1]))
(array([1, 2, 1, 1, 1, 2, 3, 1, 3, 1, 3, 1, 3, 2, 1, 1, 2, 1, 3, 2, 1]), array([ 1, -1, -1,  1,  1, -1,  1, -1, -1,  1, -1, -1, -1, -1,  1, -1, -1,
        1,  1,  1, -1]))
(array([1, 2, 1, 1, 1, 2, 3, 1, 3, 1, 3, 1, 3, 2, 1, 1, 2, 1, 3, 2, 1, 4]), array([ 1, -1, -1,  1,  1, -1,  1, -1, -1,  1, -1, -1, -1, -1,  1, -1, -1,
        1,  1,  1, -1,  1]))
(array([1, 2, 1, 1, 1, 2, 3, 1, 3, 1, 3, 1, 3, 2, 1, 1, 2, 1, 3, 2, 1, 4,
       2]), array([ 1, -1, -1,  1,  1, -1,  1, -1, -1,  1, -1, -1, -1, -1,  1, -1, -1,
        1,  1,  1, -1,  1,  1]))
(array([1, 2, 1, 1, 1, 2, 3, 1, 3, 1, 3, 1, 3, 2, 1, 1, 2, 1, 3, 2, 1, 4,
       2, 1]), array([ 1, -1, -1,  1,  1, -1,  1, -1, -1,  1, -1, -1, -1, -1,  1, -1, -1,
        1,  1,  1, -1,  1,  1, -1]))
(array([1, 2, 1, 1, 1, 2, 3, 1, 3, 1, 3, 1, 3, 2, 1, 1, 2, 1, 3, 2, 1, 4,
       2, 1, 1]), array([ 1, -1, -1,  1,  1, -1,  1, -1, -1,  1, -1, -1, -1, -1,  1, -1, -1,
        1,  1,  1, -1,  1,  1, -1,  1]))
(array([1, 2, 1, 1, 1, 2, 3, 1, 3, 1, 3, 1, 3, 2, 1, 1, 2, 1, 3, 2, 1, 4,
       2, 1, 1, 3]), array([ 1, -1, -1,  1,  1, -1,  1, -1, -1,  1, -1, -1, -1, -1,  1, -1, -1,
        1,  1,  1, -1,  1,  1, -1,  1,  1]))
(array([1, 2, 1, 1, 1, 2, 3, 1, 3, 1, 3, 1, 3, 2, 1, 1, 2, 1, 3, 2, 1, 4,
       2, 1, 1, 3, 2]), array([ 1, -1, -1,  1,  1, -1,  1, -1, -1,  1, -1, -1, -1, -1,  1, -1, -1,
        1,  1,  1, -1,  1,  1, -1,  1,  1,  1]))
(array([1, 2, 1, 1, 1, 2, 3, 1, 3, 1, 3, 1, 3, 2, 1, 1, 2, 1, 3, 2, 1, 4,
       2, 1, 1, 3, 2, 2]), array([ 1, -1, -1,  1,  1, -1,  1, -1, -1,  1, -1, -1, -1, -1,  1, -1, -1,
        1,  1,  1, -1,  1,  1, -1,  1,  1,  1, -1]))
(array([1, 2, 1, 1, 1, 2, 3, 1, 3, 1, 3, 1, 3, 2, 1, 1, 2, 1, 3, 2, 1, 4,
       2, 1, 1, 3, 2, 2, 4]), array([ 1, -1, -1,  1,  1, -1,  1, -1, -1,  1, -1, -1, -1, -1,  1, -1, -1,
        1,  1,  1, -1,  1,  1, -1,  1,  1,  1, -1,  1]))
(array([1, 2, 1, 1, 1, 2, 3, 1, 3, 1, 3, 1, 3, 2, 1, 1, 2, 1, 3, 2, 1, 4,
       2, 1, 1, 3, 2, 2, 4, 4]), array([ 1, -1, -1,  1,  1, -1,  1, -1, -1,  1, -1, -1, -1, -1,  1, -1, -1,
        1,  1,  1, -1,  1,  1, -1,  1,  1,  1, -1,  1, -1]))
(array([1, 2, 1, 1, 1, 2, 3, 1, 3, 1, 3, 1, 3, 2, 1, 1, 2, 1, 3, 2, 1, 4,
       2, 1, 1, 3, 2, 2, 4, 4, 1]), array([ 1, -1, -1,  1,  1, -1,  1, -1, -1,  1, -1, -1, -1, -1,  1, -1, -1,
        1,  1,  1, -1,  1,  1, -1,  1,  1,  1, -1,  1, -1,  1]))
(array([1, 2, 1, 1, 1, 2, 3, 1, 3, 1, 3, 1, 3, 2, 1, 1, 2, 1, 3, 2, 1, 4,
       2, 1, 1, 3, 2, 2, 4, 4, 1, 2]), array([ 1, -1, -1,  1,  1, -1,  1, -1, -1,  1, -1, -1, -1, -1,  1, -1, -1,
        1,  1,  1, -1,  1,  1, -1,  1,  1,  1, -1,  1, -1,  1,  1]))
(array([1, 2, 1, 1, 1, 2, 3, 1, 3, 1, 3, 1, 3, 2, 1, 1, 2, 1, 3, 2, 1, 4,
       2, 1, 1, 3, 2, 2, 4, 4, 1, 2, 3]), array([ 1, -1, -1,  1,  1, -1,  1, -1, -1,  1, -1, -1, -1, -1,  1, -1, -1,
        1,  1,  1, -1,  1,  1, -1,  1,  1,  1, -1,  1, -1,  1,  1, -1]))
(array([1, 2, 1, 1, 1, 2, 3, 1, 3, 1, 3, 1, 3, 2, 1, 1, 2, 1, 3, 2, 1, 4,
       2, 1, 1, 3, 2, 2, 4, 4, 1, 2, 3, 3]), array([ 1, -1, -1,  1,  1, -1,  1, -1, -1,  1, -1, -1, -1, -1,  1, -1, -1,
        1,  1,  1, -1,  1,  1, -1,  1,  1,  1, -1,  1, -1,  1,  1, -1, -1]))
(array([1, 2, 1, 1, 1, 2, 3, 1, 3, 1, 3, 1, 3, 2, 1, 1, 2, 1, 3, 2, 1, 4,
       2, 1, 1, 3, 2, 2, 4, 4, 1, 2, 3, 3, 1]), array([ 1, -1, -1,  1,  1, -1,  1, -1, -1,  1, -1, -1, -1, -1,  1, -1, -1,
        1,  1,  1, -1,  1,  1, -1,  1,  1,  1, -1,  1, -1,  1,  1, -1, -1,
        1]))
(array([1, 2, 1, 1, 1, 2, 3, 1, 3, 1, 3, 1, 3, 2, 1, 1, 2, 1, 3, 2, 1, 4,
       2, 1, 1, 3, 2, 2, 4, 4, 1, 2, 3, 3, 1, 2]), array([ 1, -1, -1,  1,  1, -1,  1, -1, -1,  1, -1, -1, -1, -1,  1, -1, -1,
        1,  1,  1, -1,  1,  1, -1,  1,  1,  1, -1,  1, -1,  1,  1, -1, -1,
        1, -1]))
(array([1, 2, 1, 1, 1, 2, 3, 1, 3, 1, 3, 1, 3, 2, 1, 1, 2, 1, 3, 2, 1, 4,
       2, 1, 1, 3, 2, 2, 4, 4, 1, 2, 3, 3, 1, 2, 4]), array([ 1, -1, -1,  1,  1, -1,  1, -1, -1,  1, -1, -1, -1, -1,  1, -1, -1,
        1,  1,  1, -1,  1,  1, -1,  1,  1,  1, -1,  1, -1,  1,  1, -1, -1,
        1, -1, -1]))
(array([1, 2, 1, 1, 1, 2, 3, 1, 3, 1, 3, 1, 3, 2, 1, 1, 2, 1, 3, 2, 1, 4,
       2, 1, 1, 3, 2, 2, 4, 4, 1, 2, 3, 3, 1, 2, 4, 3]), array([ 1, -1, -1,  1,  1, -1,  1, -1, -1,  1, -1, -1, -1, -1,  1, -1, -1,
        1,  1,  1, -1,  1,  1, -1,  1,  1,  1, -1,  1, -1,  1,  1, -1, -1,
        1, -1, -1, -1]))
(array([1, 2, 1, 1, 1, 2, 3, 1, 3, 1, 3, 1, 3, 2, 1, 1, 2, 1, 3, 2, 1, 4,
       2, 1, 1, 3, 2, 2, 4, 4, 1, 2, 3, 3, 1, 2, 4, 3, 2]), array([ 1, -1, -1,  1,  1, -1,  1, -1, -1,  1, -1, -1, -1, -1,  1, -1, -1,
        1,  1,  1, -1,  1,  1, -1,  1,  1,  1, -1,  1, -1,  1,  1, -1, -1,
        1, -1, -1, -1,  1]))
(array([1, 2, 1, 1, 1, 2, 3, 1, 3, 1, 3, 1, 3, 2, 1, 1, 2, 1, 3, 2, 1, 4,
       2, 1, 1, 3, 2, 2, 4, 4, 1, 2, 3, 3, 1, 2, 4, 3, 2, 2]), array([ 1, -1, -1,  1,  1, -1,  1, -1, -1,  1, -1, -1, -1, -1,  1, -1, -1,
        1,  1,  1, -1,  1,  1, -1,  1,  1,  1, -1,  1, -1,  1,  1, -1, -1,
        1, -1, -1, -1,  1, -1]))
(array([1, 2, 1, 1, 1, 2, 3, 1, 3, 1, 3, 1, 3, 2, 1, 1, 2, 1, 3, 2, 1, 4,
       2, 1, 1, 3, 2, 2, 4, 4, 1, 2, 3, 3, 1, 2, 4, 3, 2, 2, 4]), array([ 1, -1, -1,  1,  1, -1,  1, -1, -1,  1, -1, -1, -1, -1,  1, -1, -1,
        1,  1,  1, -1,  1,  1, -1,  1,  1,  1, -1,  1, -1,  1,  1, -1, -1,
        1, -1, -1, -1,  1, -1, -1]))
(array([1, 2, 1, 1, 1, 2, 3, 1, 3, 1, 3, 1, 3, 2, 1, 1, 2, 1, 3, 2, 1, 4,
       2, 1, 1, 3, 2, 2, 4, 4, 1, 2, 3, 3, 1, 2, 4, 3, 2, 2, 4, 2]), array([ 1, -1, -1,  1,  1, -1,  1, -1, -1,  1, -1, -1, -1, -1,  1, -1, -1,
        1,  1,  1, -1,  1,  1, -1,  1,  1,  1, -1,  1, -1,  1,  1, -1, -1,
        1, -1, -1, -1,  1, -1, -1, -1]))
(array([1, 2, 1, 1, 1, 2, 3, 1, 3, 1, 3, 1, 3, 2, 1, 1, 2, 1, 3, 2, 1, 4,
       2, 1, 1, 3, 2, 2, 4, 4, 1, 2, 3, 3, 1, 2, 4, 3, 2, 2, 4, 2, 1]), array([ 1, -1, -1,  1,  1, -1,  1, -1, -1,  1, -1, -1, -1, -1,  1, -1, -1,
        1,  1,  1, -1,  1,  1, -1,  1,  1,  1, -1,  1, -1,  1,  1, -1, -1,
        1, -1, -1, -1,  1, -1, -1, -1,  1]))
(array([1, 2, 1, 1, 1, 2, 3, 1, 3, 1, 3, 1, 3, 2, 1, 1, 2, 1, 3, 2, 1, 4,
       2, 1, 1, 3, 2, 2, 4, 4, 1, 2, 3, 3, 1, 2, 4, 3, 2, 2, 4, 2, 1, 2]), array([ 1, -1, -1,  1,  1, -1,  1, -1, -1,  1, -1, -1, -1, -1,  1, -1, -1,
        1,  1,  1, -1,  1,  1, -1,  1,  1,  1, -1,  1, -1,  1,  1, -1, -1,
        1, -1, -1, -1,  1, -1, -1, -1,  1,  1]))
(array([1, 2, 1, 1, 1, 2, 3, 1, 3, 1, 3, 1, 3, 2, 1, 1, 2, 1, 3, 2, 1, 4,
       2, 1, 1, 3, 2, 2, 4, 4, 1, 2, 3, 3, 1, 2, 4, 3, 2, 2, 4, 2, 1, 2,
       1]), array([ 1, -1, -1,  1,  1, -1,  1, -1, -1,  1, -1, -1, -1, -1,  1, -1, -1,
        1,  1,  1, -1,  1,  1, -1,  1,  1,  1, -1,  1, -1,  1,  1, -1, -1,
        1, -1, -1, -1,  1, -1, -1, -1,  1,  1,  1]))
(array([1, 2, 1, 1, 1, 2, 3, 1, 3, 1, 3, 1, 3, 2, 1, 1, 2, 1, 3, 2, 1, 4,
       2, 1, 1, 3, 2, 2, 4, 4, 1, 2, 3, 3, 1, 2, 4, 3, 2, 2, 4, 2, 1, 2,
       1, 4]), array([ 1, -1, -1,  1,  1, -1,  1, -1, -1,  1, -1, -1, -1, -1,  1, -1, -1,
        1,  1,  1, -1,  1,  1, -1,  1,  1,  1, -1,  1, -1,  1,  1, -1, -1,
        1, -1, -1, -1,  1, -1, -1, -1,  1,  1,  1, -1]))
(array([1, 2, 1, 1, 1, 2, 3, 1, 3, 1, 3, 1, 3, 2, 1, 1, 2, 1, 3, 2, 1, 4,
       2, 1, 1, 3, 2, 2, 4, 4, 1, 2, 3, 3, 1, 2, 4, 3, 2, 2, 4, 2, 1, 2,
       1, 4, 1]), array([ 1, -1, -1,  1,  1, -1,  1, -1, -1,  1, -1, -1, -1, -1,  1, -1, -1,
        1,  1,  1, -1,  1,  1, -1,  1,  1,  1, -1,  1, -1,  1,  1, -1, -1,
        1, -1, -1, -1,  1, -1, -1, -1,  1,  1,  1, -1, -1]))
(array([1, 2, 1, 1, 1, 2, 3, 1, 3, 1, 3, 1, 3, 2, 1, 1, 2, 1, 3, 2, 1, 4,
       2, 1, 1, 3, 2, 2, 4, 4, 1, 2, 3, 3, 1, 2, 4, 3, 2, 2, 4, 2, 1, 2,
       1, 4, 1, 2]), array([ 1, -1, -1,  1,  1, -1,  1, -1, -1,  1, -1, -1, -1, -1,  1, -1, -1,
        1,  1,  1, -1,  1,  1, -1,  1,  1,  1, -1,  1, -1,  1,  1, -1, -1,
        1, -1, -1, -1,  1, -1, -1, -1,  1,  1,  1, -1, -1,  1]))
(array([1, 2, 1, 1, 1, 2, 3, 1, 3, 1, 3, 1, 3, 2, 1, 1, 2, 1, 3, 2, 1, 4,
       2, 1, 1, 3, 2, 2, 4, 4, 1, 2, 3, 3, 1, 2, 4, 3, 2, 2, 4, 2, 1, 2,
       1, 4, 1, 2, 1]), array([ 1, -1, -1,  1,  1, -1,  1, -1, -1,  1, -1, -1, -1, -1,  1, -1, -1,
        1,  1,  1, -1,  1,  1, -1,  1,  1,  1, -1,  1, -1,  1,  1, -1, -1,
        1, -1, -1, -1,  1, -1, -1, -1,  1,  1,  1, -1, -1,  1,  1]))
(array([1, 2, 1, 1, 1, 2, 3, 1, 3, 1, 3, 1, 3, 2, 1, 1, 2, 1, 3, 2, 1, 4,
       2, 1, 1, 3, 2, 2, 4, 4, 1, 2, 3, 3, 1, 2, 4, 3, 2, 2, 4, 2, 1, 2,
       1, 4, 1, 2, 1, 4]), array([ 1, -1, -1,  1,  1, -1,  1, -1, -1,  1, -1, -1, -1, -1,  1, -1, -1,
        1,  1,  1, -1,  1,  1, -1,  1,  1,  1, -1,  1, -1,  1,  1, -1, -1,
        1, -1, -1, -1,  1, -1, -1, -1,  1,  1,  1, -1, -1,  1,  1, -1]))
(array([1, 2, 1, 1, 1, 2, 3, 1, 3, 1, 3, 1, 3, 2, 1, 1, 2, 1, 3, 2, 1, 4,
       2, 1, 1, 3, 2, 2, 4, 4, 1, 2, 3, 3, 1, 2, 4, 3, 2, 2, 4, 2, 1, 2,
       1, 4, 1, 2, 1, 4, 2]), array([ 1, -1, -1,  1,  1, -1,  1, -1, -1,  1, -1, -1, -1, -1,  1, -1, -1,
        1,  1,  1, -1,  1,  1, -1,  1,  1,  1, -1,  1, -1,  1,  1, -1, -1,
        1, -1, -1, -1,  1, -1, -1, -1,  1,  1,  1, -1, -1,  1,  1, -1,  1]))
(array([1, 2, 1, 1, 1, 2, 3, 1, 3, 1, 3, 1, 3, 2, 1, 1, 2, 1, 3, 2, 1, 4,
       2, 1, 1, 3, 2, 2, 4, 4, 1, 2, 3, 3, 1, 2, 4, 3, 2, 2, 4, 2, 1, 2,
       1, 4, 1, 2, 1, 4, 2, 1]), array([ 1, -1, -1,  1,  1, -1,  1, -1, -1,  1, -1, -1, -1, -1,  1, -1, -1,
        1,  1,  1, -1,  1,  1, -1,  1,  1,  1, -1,  1, -1,  1,  1, -1, -1,
        1, -1, -1, -1,  1, -1, -1, -1,  1,  1,  1, -1, -1,  1,  1, -1,  1,
        1]))
(array([1, 2, 1, 1, 1, 2, 3, 1, 3, 1, 3, 1, 3, 2, 1, 1, 2, 1, 3, 2, 1, 4,
       2, 1, 1, 3, 2, 2, 4, 4, 1, 2, 3, 3, 1, 2, 4, 3, 2, 2, 4, 2, 1, 2,
       1, 4, 1, 2, 1, 4, 2, 1, 3]), array([ 1, -1, -1,  1,  1, -1,  1, -1, -1,  1, -1, -1, -1, -1,  1, -1, -1,
        1,  1,  1, -1,  1,  1, -1,  1,  1,  1, -1,  1, -1,  1,  1, -1, -1,
        1, -1, -1, -1,  1, -1, -1, -1,  1,  1,  1, -1, -1,  1,  1, -1,  1,
        1, -1]))
(array([1, 2, 1, 1, 1, 2, 3, 1, 3, 1, 3, 1, 3, 2, 1, 1, 2, 1, 3, 2, 1, 4,
       2, 1, 1, 3, 2, 2, 4, 4, 1, 2, 3, 3, 1, 2, 4, 3, 2, 2, 4, 2, 1, 2,
       1, 4, 1, 2, 1, 4, 2, 1, 3, 2]), array([ 1, -1, -1,  1,  1, -1,  1, -1, -1,  1, -1, -1, -1, -1,  1, -1, -1,
        1,  1,  1, -1,  1,  1, -1,  1,  1,  1, -1,  1, -1,  1,  1, -1, -1,
        1, -1, -1, -1,  1, -1, -1, -1,  1,  1,  1, -1, -1,  1,  1, -1,  1,
        1, -1, -1]))
(array([1, 2, 1, 1, 1, 2, 3, 1, 3, 1, 3, 1, 3, 2, 1, 1, 2, 1, 3, 2, 1, 4,
       2, 1, 1, 3, 2, 2, 4, 4, 1, 2, 3, 3, 1, 2, 4, 3, 2, 2, 4, 2, 1, 2,
       1, 4, 1, 2, 1, 4, 2, 1, 3, 2, 2]), array([ 1, -1, -1,  1,  1, -1,  1, -1, -1,  1, -1, -1, -1, -1,  1, -1, -1,
        1,  1,  1, -1,  1,  1, -1,  1,  1,  1, -1,  1, -1,  1,  1, -1, -1,
        1, -1, -1, -1,  1, -1, -1, -1,  1,  1,  1, -1, -1,  1,  1, -1,  1,
        1, -1, -1, -1]))
(array([1, 2, 1, 1, 1, 2, 3, 1, 3, 1, 3, 1, 3, 2, 1, 1, 2, 1, 3, 2, 1, 4,
       2, 1, 1, 3, 2, 2, 4, 4, 1, 2, 3, 3, 1, 2, 4, 3, 2, 2, 4, 2, 1, 2,
       1, 4, 1, 2, 1, 4, 2, 1, 3, 2, 2, 1]), array([ 1, -1, -1,  1,  1, -1,  1, -1, -1,  1, -1, -1, -1, -1,  1, -1, -1,
        1,  1,  1, -1,  1,  1, -1,  1,  1,  1, -1,  1, -1,  1,  1, -1, -1,
        1, -1, -1, -1,  1, -1, -1, -1,  1,  1,  1, -1, -1,  1,  1, -1,  1,
        1, -1, -1, -1,  1]))
(array([1, 2, 1, 1, 1, 2, 3, 1, 3, 1, 3, 1, 3, 2, 1, 1, 2, 1, 3, 2, 1, 4,
       2, 1, 1, 3, 2, 2, 4, 4, 1, 2, 3, 3, 1, 2, 4, 3, 2, 2, 4, 2, 1, 2,
       1, 4, 1, 2, 1, 4, 2, 1, 3, 2, 2, 1, 1]), array([ 1, -1, -1,  1,  1, -1,  1, -1, -1,  1, -1, -1, -1, -1,  1, -1, -1,
        1,  1,  1, -1,  1,  1, -1,  1,  1,  1, -1,  1, -1,  1,  1, -1, -1,
        1, -1, -1, -1,  1, -1, -1, -1,  1,  1,  1, -1, -1,  1,  1, -1,  1,
        1, -1, -1, -1,  1,  1]))
(array([1, 2, 1, 1, 1, 2, 3, 1, 3, 1, 3, 1, 3, 2, 1, 1, 2, 1, 3, 2, 1, 4,
       2, 1, 1, 3, 2, 2, 4, 4, 1, 2, 3, 3, 1, 2, 4, 3, 2, 2, 4, 2, 1, 2,
       1, 4, 1, 2, 1, 4, 2, 1, 3, 2, 2, 1, 1, 1]), array([ 1, -1, -1,  1,  1, -1,  1, -1, -1,  1, -1, -1, -1, -1,  1, -1, -1,
        1,  1,  1, -1,  1,  1, -1,  1,  1,  1, -1,  1, -1,  1,  1, -1, -1,
        1, -1, -1, -1,  1, -1, -1, -1,  1,  1,  1, -1, -1,  1,  1, -1,  1,
        1, -1, -1, -1,  1,  1, -1]))
(array([1, 2, 1, 1, 1, 2, 3, 1, 3, 1, 3, 1, 3, 2, 1, 1, 2, 1, 3, 2, 1, 4,
       2, 1, 1, 3, 2, 2, 4, 4, 1, 2, 3, 3, 1, 2, 4, 3, 2, 2, 4, 2, 1, 2,
       1, 4, 1, 2, 1, 4, 2, 1, 3, 2, 2, 1, 1, 1, 1]), array([ 1, -1, -1,  1,  1, -1,  1, -1, -1,  1, -1, -1, -1, -1,  1, -1, -1,
        1,  1,  1, -1,  1,  1, -1,  1,  1,  1, -1,  1, -1,  1,  1, -1, -1,
        1, -1, -1, -1,  1, -1, -1, -1,  1,  1,  1, -1, -1,  1,  1, -1,  1,
        1, -1, -1, -1,  1,  1, -1,  1]))
(array([1, 2, 1, 1, 1, 2, 3, 1, 3, 1, 3, 1, 3, 2, 1, 1, 2, 1, 3, 2, 1, 4,
       2, 1, 1, 3, 2, 2, 4, 4, 1, 2, 3, 3, 1, 2, 4, 3, 2, 2, 4, 2, 1, 2,
       1, 4, 1, 2, 1, 4, 2, 1, 3, 2, 2, 1, 1, 1, 1, 1]), array([ 1, -1, -1,  1,  1, -1,  1, -1, -1,  1, -1, -1, -1, -1,  1, -1, -1,
        1,  1,  1, -1,  1,  1, -1,  1,  1,  1, -1,  1, -1,  1,  1, -1, -1,
        1, -1, -1, -1,  1, -1, -1, -1,  1,  1,  1, -1, -1,  1,  1, -1,  1,
        1, -1, -1, -1,  1,  1, -1,  1,  1]))
(array([1, 2, 1, 1, 1, 2, 3, 1, 3, 1, 3, 1, 3, 2, 1, 1, 2, 1, 3, 2, 1, 4,
       2, 1, 1, 3, 2, 2, 4, 4, 1, 2, 3, 3, 1, 2, 4, 3, 2, 2, 4, 2, 1, 2,
       1, 4, 1, 2, 1, 4, 2, 1, 3, 2, 2, 1, 1, 1, 1, 1, 1]), array([ 1, -1, -1,  1,  1, -1,  1, -1, -1,  1, -1, -1, -1, -1,  1, -1, -1,
        1,  1,  1, -1,  1,  1, -1,  1,  1,  1, -1,  1, -1,  1,  1, -1, -1,
        1, -1, -1, -1,  1, -1, -1, -1,  1,  1,  1, -1, -1,  1,  1, -1,  1,
        1, -1, -1, -1,  1,  1, -1,  1,  1, -1]))
(array([1, 2, 1, 1, 1, 2, 3, 1, 3, 1, 3, 1, 3, 2, 1, 1, 2, 1, 3, 2, 1, 4,
       2, 1, 1, 3, 2, 2, 4, 4, 1, 2, 3, 3, 1, 2, 4, 3, 2, 2, 4, 2, 1, 2,
       1, 4, 1, 2, 1, 4, 2, 1, 3, 2, 2, 1, 1, 1, 1, 1, 1, 1]), array([ 1, -1, -1,  1,  1, -1,  1, -1, -1,  1, -1, -1, -1, -1,  1, -1, -1,
        1,  1,  1, -1,  1,  1, -1,  1,  1,  1, -1,  1, -1,  1,  1, -1, -1,
        1, -1, -1, -1,  1, -1, -1, -1,  1,  1,  1, -1, -1,  1,  1, -1,  1,
        1, -1, -1, -1,  1,  1, -1,  1,  1, -1,  1]))
(array([1, 2, 1, 1, 1, 2, 3, 1, 3, 1, 3, 1, 3, 2, 1, 1, 2, 1, 3, 2, 1, 4,
       2, 1, 1, 3, 2, 2, 4, 4, 1, 2, 3, 3, 1, 2, 4, 3, 2, 2, 4, 2, 1, 2,
       1, 4, 1, 2, 1, 4, 2, 1, 3, 2, 2, 1, 1, 1, 1, 1, 1, 1, 3]), array([ 1, -1, -1,  1,  1, -1,  1, -1, -1,  1, -1, -1, -1, -1,  1, -1, -1,
        1,  1,  1, -1,  1,  1, -1,  1,  1,  1, -1,  1, -1,  1,  1, -1, -1,
        1, -1, -1, -1,  1, -1, -1, -1,  1,  1,  1, -1, -1,  1,  1, -1,  1,
        1, -1, -1, -1,  1,  1, -1,  1,  1, -1,  1,  1]))
(array([1, 2, 1, 1, 1, 2, 3, 1, 3, 1, 3, 1, 3, 2, 1, 1, 2, 1, 3, 2, 1, 4,
       2, 1, 1, 3, 2, 2, 4, 4, 1, 2, 3, 3, 1, 2, 4, 3, 2, 2, 4, 2, 1, 2,
       1, 4, 1, 2, 1, 4, 2, 1, 3, 2, 2, 1, 1, 1, 1, 1, 1, 1, 3, 1]), array([ 1, -1, -1,  1,  1, -1,  1, -1, -1,  1, -1, -1, -1, -1,  1, -1, -1,
        1,  1,  1, -1,  1,  1, -1,  1,  1,  1, -1,  1, -1,  1,  1, -1, -1,
        1, -1, -1, -1,  1, -1, -1, -1,  1,  1,  1, -1, -1,  1,  1, -1,  1,
        1, -1, -1, -1,  1,  1, -1,  1,  1, -1,  1,  1,  1]))
(array([1, 2, 1, 1, 1, 2, 3, 1, 3, 1, 3, 1, 3, 2, 1, 1, 2, 1, 3, 2, 1, 4,
       2, 1, 1, 3, 2, 2, 4, 4, 1, 2, 3, 3, 1, 2, 4, 3, 2, 2, 4, 2, 1, 2,
       1, 4, 1, 2, 1, 4, 2, 1, 3, 2, 2, 1, 1, 1, 1, 1, 1, 1, 3, 1, 2]), array([ 1, -1, -1,  1,  1, -1,  1, -1, -1,  1, -1, -1, -1, -1,  1, -1, -1,
        1,  1,  1, -1,  1,  1, -1,  1,  1,  1, -1,  1, -1,  1,  1, -1, -1,
        1, -1, -1, -1,  1, -1, -1, -1,  1,  1,  1, -1, -1,  1,  1, -1,  1,
        1, -1, -1, -1,  1,  1, -1,  1,  1, -1,  1,  1,  1, -1]))
(array([1, 2, 1, 1, 1, 2, 3, 1, 3, 1, 3, 1, 3, 2, 1, 1, 2, 1, 3, 2, 1, 4,
       2, 1, 1, 3, 2, 2, 4, 4, 1, 2, 3, 3, 1, 2, 4, 3, 2, 2, 4, 2, 1, 2,
       1, 4, 1, 2, 1, 4, 2, 1, 3, 2, 2, 1, 1, 1, 1, 1, 1, 1, 3, 1, 2, 3]), array([ 1, -1, -1,  1,  1, -1,  1, -1, -1,  1, -1, -1, -1, -1,  1, -1, -1,
        1,  1,  1, -1,  1,  1, -1,  1,  1,  1, -1,  1, -1,  1,  1, -1, -1,
        1, -1, -1, -1,  1, -1, -1, -1,  1,  1,  1, -1, -1,  1,  1, -1,  1,
        1, -1, -1, -1,  1,  1, -1,  1,  1, -1,  1,  1,  1, -1,  1]))
(array([1, 2, 1, 1, 1, 2, 3, 1, 3, 1, 3, 1, 3, 2, 1, 1, 2, 1, 3, 2, 1, 4,
       2, 1, 1, 3, 2, 2, 4, 4, 1, 2, 3, 3, 1, 2, 4, 3, 2, 2, 4, 2, 1, 2,
       1, 4, 1, 2, 1, 4, 2, 1, 3, 2, 2, 1, 1, 1, 1, 1, 1, 1, 3, 1, 2, 3,
       1]), array([ 1, -1, -1,  1,  1, -1,  1, -1, -1,  1, -1, -1, -1, -1,  1, -1, -1,
        1,  1,  1, -1,  1,  1, -1,  1,  1,  1, -1,  1, -1,  1,  1, -1, -1,
        1, -1, -1, -1,  1, -1, -1, -1,  1,  1,  1, -1, -1,  1,  1, -1,  1,
        1, -1, -1, -1,  1,  1, -1,  1,  1, -1,  1,  1,  1, -1,  1,  1]))
(array([1, 2, 1, 1, 1, 2, 3, 1, 3, 1, 3, 1, 3, 2, 1, 1, 2, 1, 3, 2, 1, 4,
       2, 1, 1, 3, 2, 2, 4, 4, 1, 2, 3, 3, 1, 2, 4, 3, 2, 2, 4, 2, 1, 2,
       1, 4, 1, 2, 1, 4, 2, 1, 3, 2, 2, 1, 1, 1, 1, 1, 1, 1, 3, 1, 2, 3,
       1, 3]), array([ 1, -1, -1,  1,  1, -1,  1, -1, -1,  1, -1, -1, -1, -1,  1, -1, -1,
        1,  1,  1, -1,  1,  1, -1,  1,  1,  1, -1,  1, -1,  1,  1, -1, -1,
        1, -1, -1, -1,  1, -1, -1, -1,  1,  1,  1, -1, -1,  1,  1, -1,  1,
        1, -1, -1, -1,  1,  1, -1,  1,  1, -1,  1,  1,  1, -1,  1,  1, -1]))
(array([1, 2, 1, 1, 1, 2, 3, 1, 3, 1, 3, 1, 3, 2, 1, 1, 2, 1, 3, 2, 1, 4,
       2, 1, 1, 3, 2, 2, 4, 4, 1, 2, 3, 3, 1, 2, 4, 3, 2, 2, 4, 2, 1, 2,
       1, 4, 1, 2, 1, 4, 2, 1, 3, 2, 2, 1, 1, 1, 1, 1, 1, 1, 3, 1, 2, 3,
       1, 3, 1]), array([ 1, -1, -1,  1,  1, -1,  1, -1, -1,  1, -1, -1, -1, -1,  1, -1, -1,
        1,  1,  1, -1,  1,  1, -1,  1,  1,  1, -1,  1, -1,  1,  1, -1, -1,
        1, -1, -1, -1,  1, -1, -1, -1,  1,  1,  1, -1, -1,  1,  1, -1,  1,
        1, -1, -1, -1,  1,  1, -1,  1,  1, -1,  1,  1,  1, -1,  1,  1, -1,
        1]))
(array([1, 2, 1, 1, 1, 2, 3, 1, 3, 1, 3, 1, 3, 2, 1, 1, 2, 1, 3, 2, 1, 4,
       2, 1, 1, 3, 2, 2, 4, 4, 1, 2, 3, 3, 1, 2, 4, 3, 2, 2, 4, 2, 1, 2,
       1, 4, 1, 2, 1, 4, 2, 1, 3, 2, 2, 1, 1, 1, 1, 1, 1, 1, 3, 1, 2, 3,
       1, 3, 1, 2]), array([ 1, -1, -1,  1,  1, -1,  1, -1, -1,  1, -1, -1, -1, -1,  1, -1, -1,
        1,  1,  1, -1,  1,  1, -1,  1,  1,  1, -1,  1, -1,  1,  1, -1, -1,
        1, -1, -1, -1,  1, -1, -1, -1,  1,  1,  1, -1, -1,  1,  1, -1,  1,
        1, -1, -1, -1,  1,  1, -1,  1,  1, -1,  1,  1,  1, -1,  1,  1, -1,
        1,  1]))
(array([1, 2, 1, 1, 1, 2, 3, 1, 3, 1, 3, 1, 3, 2, 1, 1, 2, 1, 3, 2, 1, 4,
       2, 1, 1, 3, 2, 2, 4, 4, 1, 2, 3, 3, 1, 2, 4, 3, 2, 2, 4, 2, 1, 2,
       1, 4, 1, 2, 1, 4, 2, 1, 3, 2, 2, 1, 1, 1, 1, 1, 1, 1, 3, 1, 2, 3,
       1, 3, 1, 2, 4]), array([ 1, -1, -1,  1,  1, -1,  1, -1, -1,  1, -1, -1, -1, -1,  1, -1, -1,
        1,  1,  1, -1,  1,  1, -1,  1,  1,  1, -1,  1, -1,  1,  1, -1, -1,
        1, -1, -1, -1,  1, -1, -1, -1,  1,  1,  1, -1, -1,  1,  1, -1,  1,
        1, -1, -1, -1,  1,  1, -1,  1,  1, -1,  1,  1,  1, -1,  1,  1, -1,
        1,  1,  1]))
(array([1, 2, 1, 1, 1, 2, 3, 1, 3, 1, 3, 1, 3, 2, 1, 1, 2, 1, 3, 2, 1, 4,
       2, 1, 1, 3, 2, 2, 4, 4, 1, 2, 3, 3, 1, 2, 4, 3, 2, 2, 4, 2, 1, 2,
       1, 4, 1, 2, 1, 4, 2, 1, 3, 2, 2, 1, 1, 1, 1, 1, 1, 1, 3, 1, 2, 3,
       1, 3, 1, 2, 4, 4]), array([ 1, -1, -1,  1,  1, -1,  1, -1, -1,  1, -1, -1, -1, -1,  1, -1, -1,
        1,  1,  1, -1,  1,  1, -1,  1,  1,  1, -1,  1, -1,  1,  1, -1, -1,
        1, -1, -1, -1,  1, -1, -1, -1,  1,  1,  1, -1, -1,  1,  1, -1,  1,
        1, -1, -1, -1,  1,  1, -1,  1,  1, -1,  1,  1,  1, -1,  1,  1, -1,
        1,  1,  1,  1]))
(array([1, 2, 1, 1, 1, 2, 3, 1, 3, 1, 3, 1, 3, 2, 1, 1, 2, 1, 3, 2, 1, 4,
       2, 1, 1, 3, 2, 2, 4, 4, 1, 2, 3, 3, 1, 2, 4, 3, 2, 2, 4, 2, 1, 2,
       1, 4, 1, 2, 1, 4, 2, 1, 3, 2, 2, 1, 1, 1, 1, 1, 1, 1, 3, 1, 2, 3,
       1, 3, 1, 2, 4, 4, 1]), array([ 1, -1, -1,  1,  1, -1,  1, -1, -1,  1, -1, -1, -1, -1,  1, -1, -1,
        1,  1,  1, -1,  1,  1, -1,  1,  1,  1, -1,  1, -1,  1,  1, -1, -1,
        1, -1, -1, -1,  1, -1, -1, -1,  1,  1,  1, -1, -1,  1,  1, -1,  1,
        1, -1, -1, -1,  1,  1, -1,  1,  1, -1,  1,  1,  1, -1,  1,  1, -1,
        1,  1,  1,  1, -1]))
(array([1, 2, 1, 1, 1, 2, 3, 1, 3, 1, 3, 1, 3, 2, 1, 1, 2, 1, 3, 2, 1, 4,
       2, 1, 1, 3, 2, 2, 4, 4, 1, 2, 3, 3, 1, 2, 4, 3, 2, 2, 4, 2, 1, 2,
       1, 4, 1, 2, 1, 4, 2, 1, 3, 2, 2, 1, 1, 1, 1, 1, 1, 1, 3, 1, 2, 3,
       1, 3, 1, 2, 4, 4, 1, 1]), array([ 1, -1, -1,  1,  1, -1,  1, -1, -1,  1, -1, -1, -1, -1,  1, -1, -1,
        1,  1,  1, -1,  1,  1, -1,  1,  1,  1, -1,  1, -1,  1,  1, -1, -1,
        1, -1, -1, -1,  1, -1, -1, -1,  1,  1,  1, -1, -1,  1,  1, -1,  1,
        1, -1, -1, -1,  1,  1, -1,  1,  1, -1,  1,  1,  1, -1,  1,  1, -1,
        1,  1,  1,  1, -1, -1]))
(array([1, 2, 1, 1, 1, 2, 3, 1, 3, 1, 3, 1, 3, 2, 1, 1, 2, 1, 3, 2, 1, 4,
       2, 1, 1, 3, 2, 2, 4, 4, 1, 2, 3, 3, 1, 2, 4, 3, 2, 2, 4, 2, 1, 2,
       1, 4, 1, 2, 1, 4, 2, 1, 3, 2, 2, 1, 1, 1, 1, 1, 1, 1, 3, 1, 2, 3,
       1, 3, 1, 2, 4, 4, 1, 1, 3]), array([ 1, -1, -1,  1,  1, -1,  1, -1, -1,  1, -1, -1, -1, -1,  1, -1, -1,
        1,  1,  1, -1,  1,  1, -1,  1,  1,  1, -1,  1, -1,  1,  1, -1, -1,
        1, -1, -1, -1,  1, -1, -1, -1,  1,  1,  1, -1, -1,  1,  1, -1,  1,
        1, -1, -1, -1,  1,  1, -1,  1,  1, -1,  1,  1,  1, -1,  1,  1, -1,
        1,  1,  1,  1, -1, -1, -1]))
(array([1, 2, 1, 1, 1, 2, 3, 1, 3, 1, 3, 1, 3, 2, 1, 1, 2, 1, 3, 2, 1, 4,
       2, 1, 1, 3, 2, 2, 4, 4, 1, 2, 3, 3, 1, 2, 4, 3, 2, 2, 4, 2, 1, 2,
       1, 4, 1, 2, 1, 4, 2, 1, 3, 2, 2, 1, 1, 1, 1, 1, 1, 1, 3, 1, 2, 3,
       1, 3, 1, 2, 4, 4, 1, 1, 3, 1]), array([ 1, -1, -1,  1,  1, -1,  1, -1, -1,  1, -1, -1, -1, -1,  1, -1, -1,
        1,  1,  1, -1,  1,  1, -1,  1,  1,  1, -1,  1, -1,  1,  1, -1, -1,
        1, -1, -1, -1,  1, -1, -1, -1,  1,  1,  1, -1, -1,  1,  1, -1,  1,
        1, -1, -1, -1,  1,  1, -1,  1,  1, -1,  1,  1,  1, -1,  1,  1, -1,
        1,  1,  1,  1, -1, -1, -1,  1]))
(array([1, 2, 1, 1, 1, 2, 3, 1, 3, 1, 3, 1, 3, 2, 1, 1, 2, 1, 3, 2, 1, 4,
       2, 1, 1, 3, 2, 2, 4, 4, 1, 2, 3, 3, 1, 2, 4, 3, 2, 2, 4, 2, 1, 2,
       1, 4, 1, 2, 1, 4, 2, 1, 3, 2, 2, 1, 1, 1, 1, 1, 1, 1, 3, 1, 2, 3,
       1, 3, 1, 2, 4, 4, 1, 1, 3, 1, 1]), array([ 1, -1, -1,  1,  1, -1,  1, -1, -1,  1, -1, -1, -1, -1,  1, -1, -1,
        1,  1,  1, -1,  1,  1, -1,  1,  1,  1, -1,  1, -1,  1,  1, -1, -1,
        1, -1, -1, -1,  1, -1, -1, -1,  1,  1,  1, -1, -1,  1,  1, -1,  1,
        1, -1, -1, -1,  1,  1, -1,  1,  1, -1,  1,  1,  1, -1,  1,  1, -1,
        1,  1,  1,  1, -1, -1, -1,  1, -1]))
(array([1, 2, 1, 1, 1, 2, 3, 1, 3, 1, 3, 1, 3, 2, 1, 1, 2, 1, 3, 2, 1, 4,
       2, 1, 1, 3, 2, 2, 4, 4, 1, 2, 3, 3, 1, 2, 4, 3, 2, 2, 4, 2, 1, 2,
       1, 4, 1, 2, 1, 4, 2, 1, 3, 2, 2, 1, 1, 1, 1, 1, 1, 1, 3, 1, 2, 3,
       1, 3, 1, 2, 4, 4, 1, 1, 3, 1, 1, 1]), array([ 1, -1, -1,  1,  1, -1,  1, -1, -1,  1, -1, -1, -1, -1,  1, -1, -1,
        1,  1,  1, -1,  1,  1, -1,  1,  1,  1, -1,  1, -1,  1,  1, -1, -1,
        1, -1, -1, -1,  1, -1, -1, -1,  1,  1,  1, -1, -1,  1,  1, -1,  1,
        1, -1, -1, -1,  1,  1, -1,  1,  1, -1,  1,  1,  1, -1,  1,  1, -1,
        1,  1,  1,  1, -1, -1, -1,  1, -1,  1]))
(array([1, 2, 1, 1, 1, 2, 3, 1, 3, 1, 3, 1, 3, 2, 1, 1, 2, 1, 3, 2, 1, 4,
       2, 1, 1, 3, 2, 2, 4, 4, 1, 2, 3, 3, 1, 2, 4, 3, 2, 2, 4, 2, 1, 2,
       1, 4, 1, 2, 1, 4, 2, 1, 3, 2, 2, 1, 1, 1, 1, 1, 1, 1, 3, 1, 2, 3,
       1, 3, 1, 2, 4, 4, 1, 1, 3, 1, 1, 1, 1]), array([ 1, -1, -1,  1,  1, -1,  1, -1, -1,  1, -1, -1, -1, -1,  1, -1, -1,
        1,  1,  1, -1,  1,  1, -1,  1,  1,  1, -1,  1, -1,  1,  1, -1, -1,
        1, -1, -1, -1,  1, -1, -1, -1,  1,  1,  1, -1, -1,  1,  1, -1,  1,
        1, -1, -1, -1,  1,  1, -1,  1,  1, -1,  1,  1,  1, -1,  1,  1, -1,
        1,  1,  1,  1, -1, -1, -1,  1, -1,  1,  1]))
(array([1, 2, 1, 1, 1, 2, 3, 1, 3, 1, 3, 1, 3, 2, 1, 1, 2, 1, 3, 2, 1, 4,
       2, 1, 1, 3, 2, 2, 4, 4, 1, 2, 3, 3, 1, 2, 4, 3, 2, 2, 4, 2, 1, 2,
       1, 4, 1, 2, 1, 4, 2, 1, 3, 2, 2, 1, 1, 1, 1, 1, 1, 1, 3, 1, 2, 3,
       1, 3, 1, 2, 4, 4, 1, 1, 3, 1, 1, 1, 1, 3]), array([ 1, -1, -1,  1,  1, -1,  1, -1, -1,  1, -1, -1, -1, -1,  1, -1, -1,
        1,  1,  1, -1,  1,  1, -1,  1,  1,  1, -1,  1, -1,  1,  1, -1, -1,
        1, -1, -1, -1,  1, -1, -1, -1,  1,  1,  1, -1, -1,  1,  1, -1,  1,
        1, -1, -1, -1,  1,  1, -1,  1,  1, -1,  1,  1,  1, -1,  1,  1, -1,
        1,  1,  1,  1, -1, -1, -1,  1, -1,  1,  1,  1]))
(array([1, 2, 1, 1, 1, 2, 3, 1, 3, 1, 3, 1, 3, 2, 1, 1, 2, 1, 3, 2, 1, 4,
       2, 1, 1, 3, 2, 2, 4, 4, 1, 2, 3, 3, 1, 2, 4, 3, 2, 2, 4, 2, 1, 2,
       1, 4, 1, 2, 1, 4, 2, 1, 3, 2, 2, 1, 1, 1, 1, 1, 1, 1, 3, 1, 2, 3,
       1, 3, 1, 2, 4, 4, 1, 1, 3, 1, 1, 1, 1, 3, 3]), array([ 1, -1, -1,  1,  1, -1,  1, -1, -1,  1, -1, -1, -1, -1,  1, -1, -1,
        1,  1,  1, -1,  1,  1, -1,  1,  1,  1, -1,  1, -1,  1,  1, -1, -1,
        1, -1, -1, -1,  1, -1, -1, -1,  1,  1,  1, -1, -1,  1,  1, -1,  1,
        1, -1, -1, -1,  1,  1, -1,  1,  1, -1,  1,  1,  1, -1,  1,  1, -1,
        1,  1,  1,  1, -1, -1, -1,  1, -1,  1,  1,  1,  1]))
(array([1, 2, 1, 1, 1, 2, 3, 1, 3, 1, 3, 1, 3, 2, 1, 1, 2, 1, 3, 2, 1, 4,
       2, 1, 1, 3, 2, 2, 4, 4, 1, 2, 3, 3, 1, 2, 4, 3, 2, 2, 4, 2, 1, 2,
       1, 4, 1, 2, 1, 4, 2, 1, 3, 2, 2, 1, 1, 1, 1, 1, 1, 1, 3, 1, 2, 3,
       1, 3, 1, 2, 4, 4, 1, 1, 3, 1, 1, 1, 1, 3, 3, 1]), array([ 1, -1, -1,  1,  1, -1,  1, -1, -1,  1, -1, -1, -1, -1,  1, -1, -1,
        1,  1,  1, -1,  1,  1, -1,  1,  1,  1, -1,  1, -1,  1,  1, -1, -1,
        1, -1, -1, -1,  1, -1, -1, -1,  1,  1,  1, -1, -1,  1,  1, -1,  1,
        1, -1, -1, -1,  1,  1, -1,  1,  1, -1,  1,  1,  1, -1,  1,  1, -1,
        1,  1,  1,  1, -1, -1, -1,  1, -1,  1,  1,  1,  1, -1]))
(array([1, 2, 1, 1, 1, 2, 3, 1, 3, 1, 3, 1, 3, 2, 1, 1, 2, 1, 3, 2, 1, 4,
       2, 1, 1, 3, 2, 2, 4, 4, 1, 2, 3, 3, 1, 2, 4, 3, 2, 2, 4, 2, 1, 2,
       1, 4, 1, 2, 1, 4, 2, 1, 3, 2, 2, 1, 1, 1, 1, 1, 1, 1, 3, 1, 2, 3,
       1, 3, 1, 2, 4, 4, 1, 1, 3, 1, 1, 1, 1, 3, 3, 1, 4]), array([ 1, -1, -1,  1,  1, -1,  1, -1, -1,  1, -1, -1, -1, -1,  1, -1, -1,
        1,  1,  1, -1,  1,  1, -1,  1,  1,  1, -1,  1, -1,  1,  1, -1, -1,
        1, -1, -1, -1,  1, -1, -1, -1,  1,  1,  1, -1, -1,  1,  1, -1,  1,
        1, -1, -1, -1,  1,  1, -1,  1,  1, -1,  1,  1,  1, -1,  1,  1, -1,
        1,  1,  1,  1, -1, -1, -1,  1, -1,  1,  1,  1,  1, -1,  1]))
(array([1, 2, 1, 1, 1, 2, 3, 1, 3, 1, 3, 1, 3, 2, 1, 1, 2, 1, 3, 2, 1, 4,
       2, 1, 1, 3, 2, 2, 4, 4, 1, 2, 3, 3, 1, 2, 4, 3, 2, 2, 4, 2, 1, 2,
       1, 4, 1, 2, 1, 4, 2, 1, 3, 2, 2, 1, 1, 1, 1, 1, 1, 1, 3, 1, 2, 3,
       1, 3, 1, 2, 4, 4, 1, 1, 3, 1, 1, 1, 1, 3, 3, 1, 4, 1]), array([ 1, -1, -1,  1,  1, -1,  1, -1, -1,  1, -1, -1, -1, -1,  1, -1, -1,
        1,  1,  1, -1,  1,  1, -1,  1,  1,  1, -1,  1, -1,  1,  1, -1, -1,
        1, -1, -1, -1,  1, -1, -1, -1,  1,  1,  1, -1, -1,  1,  1, -1,  1,
        1, -1, -1, -1,  1,  1, -1,  1,  1, -1,  1,  1,  1, -1,  1,  1, -1,
        1,  1,  1,  1, -1, -1, -1,  1, -1,  1,  1,  1,  1, -1,  1, -1]))
(array([1, 2, 1, 1, 1, 2, 3, 1, 3, 1, 3, 1, 3, 2, 1, 1, 2, 1, 3, 2, 1, 4,
       2, 1, 1, 3, 2, 2, 4, 4, 1, 2, 3, 3, 1, 2, 4, 3, 2, 2, 4, 2, 1, 2,
       1, 4, 1, 2, 1, 4, 2, 1, 3, 2, 2, 1, 1, 1, 1, 1, 1, 1, 3, 1, 2, 3,
       1, 3, 1, 2, 4, 4, 1, 1, 3, 1, 1, 1, 1, 3, 3, 1, 4, 1, 2]), array([ 1, -1, -1,  1,  1, -1,  1, -1, -1,  1, -1, -1, -1, -1,  1, -1, -1,
        1,  1,  1, -1,  1,  1, -1,  1,  1,  1, -1,  1, -1,  1,  1, -1, -1,
        1, -1, -1, -1,  1, -1, -1, -1,  1,  1,  1, -1, -1,  1,  1, -1,  1,
        1, -1, -1, -1,  1,  1, -1,  1,  1, -1,  1,  1,  1, -1,  1,  1, -1,
        1,  1,  1,  1, -1, -1, -1,  1, -1,  1,  1,  1,  1, -1,  1, -1,  1]))
(array([1, 2, 1, 1, 1, 2, 3, 1, 3, 1, 3, 1, 3, 2, 1, 1, 2, 1, 3, 2, 1, 4,
       2, 1, 1, 3, 2, 2, 4, 4, 1, 2, 3, 3, 1, 2, 4, 3, 2, 2, 4, 2, 1, 2,
       1, 4, 1, 2, 1, 4, 2, 1, 3, 2, 2, 1, 1, 1, 1, 1, 1, 1, 3, 1, 2, 3,
       1, 3, 1, 2, 4, 4, 1, 1, 3, 1, 1, 1, 1, 3, 3, 1, 4, 1, 2, 1]), array([ 1, -1, -1,  1,  1, -1,  1, -1, -1,  1, -1, -1, -1, -1,  1, -1, -1,
        1,  1,  1, -1,  1,  1, -1,  1,  1,  1, -1,  1, -1,  1,  1, -1, -1,
        1, -1, -1, -1,  1, -1, -1, -1,  1,  1,  1, -1, -1,  1,  1, -1,  1,
        1, -1, -1, -1,  1,  1, -1,  1,  1, -1,  1,  1,  1, -1,  1,  1, -1,
        1,  1,  1,  1, -1, -1, -1,  1, -1,  1,  1,  1,  1, -1,  1, -1,  1,
       -1]))
(array([1, 2, 1, 1, 1, 2, 3, 1, 3, 1, 3, 1, 3, 2, 1, 1, 2, 1, 3, 2, 1, 4,
       2, 1, 1, 3, 2, 2, 4, 4, 1, 2, 3, 3, 1, 2, 4, 3, 2, 2, 4, 2, 1, 2,
       1, 4, 1, 2, 1, 4, 2, 1, 3, 2, 2, 1, 1, 1, 1, 1, 1, 1, 3, 1, 2, 3,
       1, 3, 1, 2, 4, 4, 1, 1, 3, 1, 1, 1, 1, 3, 3, 1, 4, 1, 2, 1, 3]), array([ 1, -1, -1,  1,  1, -1,  1, -1, -1,  1, -1, -1, -1, -1,  1, -1, -1,
        1,  1,  1, -1,  1,  1, -1,  1,  1,  1, -1,  1, -1,  1,  1, -1, -1,
        1, -1, -1, -1,  1, -1, -1, -1,  1,  1,  1, -1, -1,  1,  1, -1,  1,
        1, -1, -1, -1,  1,  1, -1,  1,  1, -1,  1,  1,  1, -1,  1,  1, -1,
        1,  1,  1,  1, -1, -1, -1,  1, -1,  1,  1,  1,  1, -1,  1, -1,  1,
       -1,  1]))
(array([1, 2, 1, 1, 1, 2, 3, 1, 3, 1, 3, 1, 3, 2, 1, 1, 2, 1, 3, 2, 1, 4,
       2, 1, 1, 3, 2, 2, 4, 4, 1, 2, 3, 3, 1, 2, 4, 3, 2, 2, 4, 2, 1, 2,
       1, 4, 1, 2, 1, 4, 2, 1, 3, 2, 2, 1, 1, 1, 1, 1, 1, 1, 3, 1, 2, 3,
       1, 3, 1, 2, 4, 4, 1, 1, 3, 1, 1, 1, 1, 3, 3, 1, 4, 1, 2, 1, 3, 3]), array([ 1, -1, -1,  1,  1, -1,  1, -1, -1,  1, -1, -1, -1, -1,  1, -1, -1,
        1,  1,  1, -1,  1,  1, -1,  1,  1,  1, -1,  1, -1,  1,  1, -1, -1,
        1, -1, -1, -1,  1, -1, -1, -1,  1,  1,  1, -1, -1,  1,  1, -1,  1,
        1, -1, -1, -1,  1,  1, -1,  1,  1, -1,  1,  1,  1, -1,  1,  1, -1,
        1,  1,  1,  1, -1, -1, -1,  1, -1,  1,  1,  1,  1, -1,  1, -1,  1,
       -1,  1,  1]))
(array([1, 2, 1, 1, 1, 2, 3, 1, 3, 1, 3, 1, 3, 2, 1, 1, 2, 1, 3, 2, 1, 4,
       2, 1, 1, 3, 2, 2, 4, 4, 1, 2, 3, 3, 1, 2, 4, 3, 2, 2, 4, 2, 1, 2,
       1, 4, 1, 2, 1, 4, 2, 1, 3, 2, 2, 1, 1, 1, 1, 1, 1, 1, 3, 1, 2, 3,
       1, 3, 1, 2, 4, 4, 1, 1, 3, 1, 1, 1, 1, 3, 3, 1, 4, 1, 2, 1, 3, 3,
       1]), array([ 1, -1, -1,  1,  1, -1,  1, -1, -1,  1, -1, -1, -1, -1,  1, -1, -1,
        1,  1,  1, -1,  1,  1, -1,  1,  1,  1, -1,  1, -1,  1,  1, -1, -1,
        1, -1, -1, -1,  1, -1, -1, -1,  1,  1,  1, -1, -1,  1,  1, -1,  1,
        1, -1, -1, -1,  1,  1, -1,  1,  1, -1,  1,  1,  1, -1,  1,  1, -1,
        1,  1,  1,  1, -1, -1, -1,  1, -1,  1,  1,  1,  1, -1,  1, -1,  1,
       -1,  1,  1, -1]))
(array([1, 2, 1, 1, 1, 2, 3, 1, 3, 1, 3, 1, 3, 2, 1, 1, 2, 1, 3, 2, 1, 4,
       2, 1, 1, 3, 2, 2, 4, 4, 1, 2, 3, 3, 1, 2, 4, 3, 2, 2, 4, 2, 1, 2,
       1, 4, 1, 2, 1, 4, 2, 1, 3, 2, 2, 1, 1, 1, 1, 1, 1, 1, 3, 1, 2, 3,
       1, 3, 1, 2, 4, 4, 1, 1, 3, 1, 1, 1, 1, 3, 3, 1, 4, 1, 2, 1, 3, 3,
       1, 2]), array([ 1, -1, -1,  1,  1, -1,  1, -1, -1,  1, -1, -1, -1, -1,  1, -1, -1,
        1,  1,  1, -1,  1,  1, -1,  1,  1,  1, -1,  1, -1,  1,  1, -1, -1,
        1, -1, -1, -1,  1, -1, -1, -1,  1,  1,  1, -1, -1,  1,  1, -1,  1,
        1, -1, -1, -1,  1,  1, -1,  1,  1, -1,  1,  1,  1, -1,  1,  1, -1,
        1,  1,  1,  1, -1, -1, -1,  1, -1,  1,  1,  1,  1, -1,  1, -1,  1,
       -1,  1,  1, -1, -1]))
(array([1, 2, 1, 1, 1, 2, 3, 1, 3, 1, 3, 1, 3, 2, 1, 1, 2, 1, 3, 2, 1, 4,
       2, 1, 1, 3, 2, 2, 4, 4, 1, 2, 3, 3, 1, 2, 4, 3, 2, 2, 4, 2, 1, 2,
       1, 4, 1, 2, 1, 4, 2, 1, 3, 2, 2, 1, 1, 1, 1, 1, 1, 1, 3, 1, 2, 3,
       1, 3, 1, 2, 4, 4, 1, 1, 3, 1, 1, 1, 1, 3, 3, 1, 4, 1, 2, 1, 3, 3,
       1, 2, 1]), array([ 1, -1, -1,  1,  1, -1,  1, -1, -1,  1, -1, -1, -1, -1,  1, -1, -1,
        1,  1,  1, -1,  1,  1, -1,  1,  1,  1, -1,  1, -1,  1,  1, -1, -1,
        1, -1, -1, -1,  1, -1, -1, -1,  1,  1,  1, -1, -1,  1,  1, -1,  1,
        1, -1, -1, -1,  1,  1, -1,  1,  1, -1,  1,  1,  1, -1,  1,  1, -1,
        1,  1,  1,  1, -1, -1, -1,  1, -1,  1,  1,  1,  1, -1,  1, -1,  1,
       -1,  1,  1, -1, -1, -1]))
(array([1, 2, 1, 1, 1, 2, 3, 1, 3, 1, 3, 1, 3, 2, 1, 1, 2, 1, 3, 2, 1, 4,
       2, 1, 1, 3, 2, 2, 4, 4, 1, 2, 3, 3, 1, 2, 4, 3, 2, 2, 4, 2, 1, 2,
       1, 4, 1, 2, 1, 4, 2, 1, 3, 2, 2, 1, 1, 1, 1, 1, 1, 1, 3, 1, 2, 3,
       1, 3, 1, 2, 4, 4, 1, 1, 3, 1, 1, 1, 1, 3, 3, 1, 4, 1, 2, 1, 3, 3,
       1, 2, 1, 2]), array([ 1, -1, -1,  1,  1, -1,  1, -1, -1,  1, -1, -1, -1, -1,  1, -1, -1,
        1,  1,  1, -1,  1,  1, -1,  1,  1,  1, -1,  1, -1,  1,  1, -1, -1,
        1, -1, -1, -1,  1, -1, -1, -1,  1,  1,  1, -1, -1,  1,  1, -1,  1,
        1, -1, -1, -1,  1,  1, -1,  1,  1, -1,  1,  1,  1, -1,  1,  1, -1,
        1,  1,  1,  1, -1, -1, -1,  1, -1,  1,  1,  1,  1, -1,  1, -1,  1,
       -1,  1,  1, -1, -1, -1, -1]))
(array([1, 2, 1, 1, 1, 2, 3, 1, 3, 1, 3, 1, 3, 2, 1, 1, 2, 1, 3, 2, 1, 4,
       2, 1, 1, 3, 2, 2, 4, 4, 1, 2, 3, 3, 1, 2, 4, 3, 2, 2, 4, 2, 1, 2,
       1, 4, 1, 2, 1, 4, 2, 1, 3, 2, 2, 1, 1, 1, 1, 1, 1, 1, 3, 1, 2, 3,
       1, 3, 1, 2, 4, 4, 1, 1, 3, 1, 1, 1, 1, 3, 3, 1, 4, 1, 2, 1, 3, 3,
       1, 2, 1, 2, 4]), array([ 1, -1, -1,  1,  1, -1,  1, -1, -1,  1, -1, -1, -1, -1,  1, -1, -1,
        1,  1,  1, -1,  1,  1, -1,  1,  1,  1, -1,  1, -1,  1,  1, -1, -1,
        1, -1, -1, -1,  1, -1, -1, -1,  1,  1,  1, -1, -1,  1,  1, -1,  1,
        1, -1, -1, -1,  1,  1, -1,  1,  1, -1,  1,  1,  1, -1,  1,  1, -1,
        1,  1,  1,  1, -1, -1, -1,  1, -1,  1,  1,  1,  1, -1,  1, -1,  1,
       -1,  1,  1, -1, -1, -1, -1, -1]))
(array([1, 2, 1, 1, 1, 2, 3, 1, 3, 1, 3, 1, 3, 2, 1, 1, 2, 1, 3, 2, 1, 4,
       2, 1, 1, 3, 2, 2, 4, 4, 1, 2, 3, 3, 1, 2, 4, 3, 2, 2, 4, 2, 1, 2,
       1, 4, 1, 2, 1, 4, 2, 1, 3, 2, 2, 1, 1, 1, 1, 1, 1, 1, 3, 1, 2, 3,
       1, 3, 1, 2, 4, 4, 1, 1, 3, 1, 1, 1, 1, 3, 3, 1, 4, 1, 2, 1, 3, 3,
       1, 2, 1, 2, 4, 1]), array([ 1, -1, -1,  1,  1, -1,  1, -1, -1,  1, -1, -1, -1, -1,  1, -1, -1,
        1,  1,  1, -1,  1,  1, -1,  1,  1,  1, -1,  1, -1,  1,  1, -1, -1,
        1, -1, -1, -1,  1, -1, -1, -1,  1,  1,  1, -1, -1,  1,  1, -1,  1,
        1, -1, -1, -1,  1,  1, -1,  1,  1, -1,  1,  1,  1, -1,  1,  1, -1,
        1,  1,  1,  1, -1, -1, -1,  1, -1,  1,  1,  1,  1, -1,  1, -1,  1,
       -1,  1,  1, -1, -1, -1, -1, -1,  1]))
(array([1, 2, 1, 1, 1, 2, 3, 1, 3, 1, 3, 1, 3, 2, 1, 1, 2, 1, 3, 2, 1, 4,
       2, 1, 1, 3, 2, 2, 4, 4, 1, 2, 3, 3, 1, 2, 4, 3, 2, 2, 4, 2, 1, 2,
       1, 4, 1, 2, 1, 4, 2, 1, 3, 2, 2, 1, 1, 1, 1, 1, 1, 1, 3, 1, 2, 3,
       1, 3, 1, 2, 4, 4, 1, 1, 3, 1, 1, 1, 1, 3, 3, 1, 4, 1, 2, 1, 3, 3,
       1, 2, 1, 2, 4, 1, 1]), array([ 1, -1, -1,  1,  1, -1,  1, -1, -1,  1, -1, -1, -1, -1,  1, -1, -1,
        1,  1,  1, -1,  1,  1, -1,  1,  1,  1, -1,  1, -1,  1,  1, -1, -1,
        1, -1, -1, -1,  1, -1, -1, -1,  1,  1,  1, -1, -1,  1,  1, -1,  1,
        1, -1, -1, -1,  1,  1, -1,  1,  1, -1,  1,  1,  1, -1,  1,  1, -1,
        1,  1,  1,  1, -1, -1, -1,  1, -1,  1,  1,  1,  1, -1,  1, -1,  1,
       -1,  1,  1, -1, -1, -1, -1, -1,  1, -1]))
(array([1, 2, 1, 1, 1, 2, 3, 1, 3, 1, 3, 1, 3, 2, 1, 1, 2, 1, 3, 2, 1, 4,
       2, 1, 1, 3, 2, 2, 4, 4, 1, 2, 3, 3, 1, 2, 4, 3, 2, 2, 4, 2, 1, 2,
       1, 4, 1, 2, 1, 4, 2, 1, 3, 2, 2, 1, 1, 1, 1, 1, 1, 1, 3, 1, 2, 3,
       1, 3, 1, 2, 4, 4, 1, 1, 3, 1, 1, 1, 1, 3, 3, 1, 4, 1, 2, 1, 3, 3,
       1, 2, 1, 2, 4, 1, 1, 3]), array([ 1, -1, -1,  1,  1, -1,  1, -1, -1,  1, -1, -1, -1, -1,  1, -1, -1,
        1,  1,  1, -1,  1,  1, -1,  1,  1,  1, -1,  1, -1,  1,  1, -1, -1,
        1, -1, -1, -1,  1, -1, -1, -1,  1,  1,  1, -1, -1,  1,  1, -1,  1,
        1, -1, -1, -1,  1,  1, -1,  1,  1, -1,  1,  1,  1, -1,  1,  1, -1,
        1,  1,  1,  1, -1, -1, -1,  1, -1,  1,  1,  1,  1, -1,  1, -1,  1,
       -1,  1,  1, -1, -1, -1, -1, -1,  1, -1,  1]))
(array([1, 2, 1, 1, 1, 2, 3, 1, 3, 1, 3, 1, 3, 2, 1, 1, 2, 1, 3, 2, 1, 4,
       2, 1, 1, 3, 2, 2, 4, 4, 1, 2, 3, 3, 1, 2, 4, 3, 2, 2, 4, 2, 1, 2,
       1, 4, 1, 2, 1, 4, 2, 1, 3, 2, 2, 1, 1, 1, 1, 1, 1, 1, 3, 1, 2, 3,
       1, 3, 1, 2, 4, 4, 1, 1, 3, 1, 1, 1, 1, 3, 3, 1, 4, 1, 2, 1, 3, 3,
       1, 2, 1, 2, 4, 1, 1, 3, 3]), array([ 1, -1, -1,  1,  1, -1,  1, -1, -1,  1, -1, -1, -1, -1,  1, -1, -1,
        1,  1,  1, -1,  1,  1, -1,  1,  1,  1, -1,  1, -1,  1,  1, -1, -1,
        1, -1, -1, -1,  1, -1, -1, -1,  1,  1,  1, -1, -1,  1,  1, -1,  1,
        1, -1, -1, -1,  1,  1, -1,  1,  1, -1,  1,  1,  1, -1,  1,  1, -1,
        1,  1,  1,  1, -1, -1, -1,  1, -1,  1,  1,  1,  1, -1,  1, -1,  1,
       -1,  1,  1, -1, -1, -1, -1, -1,  1, -1,  1, -1]))
(array([1, 2, 1, 1, 1, 2, 3, 1, 3, 1, 3, 1, 3, 2, 1, 1, 2, 1, 3, 2, 1, 4,
       2, 1, 1, 3, 2, 2, 4, 4, 1, 2, 3, 3, 1, 2, 4, 3, 2, 2, 4, 2, 1, 2,
       1, 4, 1, 2, 1, 4, 2, 1, 3, 2, 2, 1, 1, 1, 1, 1, 1, 1, 3, 1, 2, 3,
       1, 3, 1, 2, 4, 4, 1, 1, 3, 1, 1, 1, 1, 3, 3, 1, 4, 1, 2, 1, 3, 3,
       1, 2, 1, 2, 4, 1, 1, 3, 3, 2]), array([ 1, -1, -1,  1,  1, -1,  1, -1, -1,  1, -1, -1, -1, -1,  1, -1, -1,
        1,  1,  1, -1,  1,  1, -1,  1,  1,  1, -1,  1, -1,  1,  1, -1, -1,
        1, -1, -1, -1,  1, -1, -1, -1,  1,  1,  1, -1, -1,  1,  1, -1,  1,
        1, -1, -1, -1,  1,  1, -1,  1,  1, -1,  1,  1,  1, -1,  1,  1, -1,
        1,  1,  1,  1, -1, -1, -1,  1, -1,  1,  1,  1,  1, -1,  1, -1,  1,
       -1,  1,  1, -1, -1, -1, -1, -1,  1, -1,  1, -1, -1]))
(array([1, 2, 1, 1, 1, 2, 3, 1, 3, 1, 3, 1, 3, 2, 1, 1, 2, 1, 3, 2, 1, 4,
       2, 1, 1, 3, 2, 2, 4, 4, 1, 2, 3, 3, 1, 2, 4, 3, 2, 2, 4, 2, 1, 2,
       1, 4, 1, 2, 1, 4, 2, 1, 3, 2, 2, 1, 1, 1, 1, 1, 1, 1, 3, 1, 2, 3,
       1, 3, 1, 2, 4, 4, 1, 1, 3, 1, 1, 1, 1, 3, 3, 1, 4, 1, 2, 1, 3, 3,
       1, 2, 1, 2, 4, 1, 1, 3, 3, 2, 1]), array([ 1, -1, -1,  1,  1, -1,  1, -1, -1,  1, -1, -1, -1, -1,  1, -1, -1,
        1,  1,  1, -1,  1,  1, -1,  1,  1,  1, -1,  1, -1,  1,  1, -1, -1,
        1, -1, -1, -1,  1, -1, -1, -1,  1,  1,  1, -1, -1,  1,  1, -1,  1,
        1, -1, -1, -1,  1,  1, -1,  1,  1, -1,  1,  1,  1, -1,  1,  1, -1,
        1,  1,  1,  1, -1, -1, -1,  1, -1,  1,  1,  1,  1, -1,  1, -1,  1,
       -1,  1,  1, -1, -1, -1, -1, -1,  1, -1,  1, -1, -1, -1]))
(array([1, 2, 1, 1, 1, 2, 3, 1, 3, 1, 3, 1, 3, 2, 1, 1, 2, 1, 3, 2, 1, 4,
       2, 1, 1, 3, 2, 2, 4, 4, 1, 2, 3, 3, 1, 2, 4, 3, 2, 2, 4, 2, 1, 2,
       1, 4, 1, 2, 1, 4, 2, 1, 3, 2, 2, 1, 1, 1, 1, 1, 1, 1, 3, 1, 2, 3,
       1, 3, 1, 2, 4, 4, 1, 1, 3, 1, 1, 1, 1, 3, 3, 1, 4, 1, 2, 1, 3, 3,
       1, 2, 1, 2, 4, 1, 1, 3, 3, 2, 1, 4]), array([ 1, -1, -1,  1,  1, -1,  1, -1, -1,  1, -1, -1, -1, -1,  1, -1, -1,
        1,  1,  1, -1,  1,  1, -1,  1,  1,  1, -1,  1, -1,  1,  1, -1, -1,
        1, -1, -1, -1,  1, -1, -1, -1,  1,  1,  1, -1, -1,  1,  1, -1,  1,
        1, -1, -1, -1,  1,  1, -1,  1,  1, -1,  1,  1,  1, -1,  1,  1, -1,
        1,  1,  1,  1, -1, -1, -1,  1, -1,  1,  1,  1,  1, -1,  1, -1,  1,
       -1,  1,  1, -1, -1, -1, -1, -1,  1, -1,  1, -1, -1, -1, -1]))
(array([1, 2, 1, 1, 1, 2, 3, 1, 3, 1, 3, 1, 3, 2, 1, 1, 2, 1, 3, 2, 1, 4,
       2, 1, 1, 3, 2, 2, 4, 4, 1, 2, 3, 3, 1, 2, 4, 3, 2, 2, 4, 2, 1, 2,
       1, 4, 1, 2, 1, 4, 2, 1, 3, 2, 2, 1, 1, 1, 1, 1, 1, 1, 3, 1, 2, 3,
       1, 3, 1, 2, 4, 4, 1, 1, 3, 1, 1, 1, 1, 3, 3, 1, 4, 1, 2, 1, 3, 3,
       1, 2, 1, 2, 4, 1, 1, 3, 3, 2, 1, 4, 2]), array([ 1, -1, -1,  1,  1, -1,  1, -1, -1,  1, -1, -1, -1, -1,  1, -1, -1,
        1,  1,  1, -1,  1,  1, -1,  1,  1,  1, -1,  1, -1,  1,  1, -1, -1,
        1, -1, -1, -1,  1, -1, -1, -1,  1,  1,  1, -1, -1,  1,  1, -1,  1,
        1, -1, -1, -1,  1,  1, -1,  1,  1, -1,  1,  1,  1, -1,  1,  1, -1,
        1,  1,  1,  1, -1, -1, -1,  1, -1,  1,  1,  1,  1, -1,  1, -1,  1,
       -1,  1,  1, -1, -1, -1, -1, -1,  1, -1,  1, -1, -1, -1, -1, -1]))
FDTC of word 0: 0
FDTC of word 1: 0
FDTC of word 2: 0
FDTC of word 3: 0
FDTC of word 4: 0
FDTC of word 5: 0
FDTC of word 6: 0
FDTC of word 7: 0
FDTC of word 8: 0
FDTC of word 9: 0
FDTC of word 10: 0
FDTC of word 11: 0
FDTC of word 12: 0
FDTC of word 13: 0
FDTC of word 14: 0
FDTC of word 15: 0
FDTC of word 16: 0
FDTC of word 17: 0
FDTC of word 18: 0
FDTC of word 19: 0
FDTC of word 20: 0
FDTC of word 21: 0
FDTC of word 22: 0
FDTC of word 23: 0
FDTC of word 24: 0
FDTC of word 25: 0
FDTC of word 26: 0
FDTC of word 27: 0
FDTC of word 28: 0
FDTC of word 29: 0
FDTC of word 30: 0
FDTC of word 31: 0
FDTC of word 32: 0
FDTC of word 33: 0
FDTC of word 34: 0
FDTC of word 35: 0
FDTC of word 36: 0
FDTC of word 37: 0
FDTC of word 38: 0
FDTC of word 39: 0
FDTC of word 40: 0
FDTC of word 41: 0
FDTC of word 42: 0
FDTC of word 43: 0
FDTC of word 44: 0
FDTC of word 45: 0
FDTC of word 46: 0
FDTC of word 47: 0
FDTC of word 48: 0
FDTC of word 49: 0
FDTC of word 50: 0
FDTC of word 51: 0
FDTC of word 52: 0
FDTC of word 53: 0
FDTC of word 54: 0
FDTC of word 55: 0
FDTC of word 56: 0
FDTC of word 57: 0
FDTC of word 58: 0
FDTC of word 59: 0
FDTC of word 60: 0
FDTC of word 61: 0
FDTC of word 62: 0
FDTC of word 63: 0
FDTC of word 64: 0
FDTC of word 65: 0
FDTC of word 66: 0
FDTC of word 67: 0
FDTC of word 68: 0
FDTC of word 69: 0
FDTC of word 70: 0
FDTC of word 71: 0
FDTC of word 72: 0
FDTC of word 73: 0
FDTC of word 74: 0
FDTC of word 75: 0
FDTC of word 76: 0
FDTC of word 77: 0
FDTC of word 78: 0
FDTC of word 79: 0
FDTC of word 80: 0
FDTC of word 81: 0
FDTC of word 82: 1
FDTC of word 83: 1
FDTC of word 84: 1
FDTC of word 85: 1
FDTC of word 86: 1
FDTC of word 87: 1
FDTC of word 88: 1
FDTC of word 89: 1
FDTC of word 90: 1
FDTC of word 91: 1
FDTC of word 92: 0
FDTC of word 93: 0
FDTC of word 94: 0
FDTC of word 95: 0
FDTC of word 96: 0
FDTC of word 97: 0
FDTC of word 98: 0
FDTC of word 99: 0
FDTC of word 100: 0
====FREQUENCY TABLE======
For p=[0.4, 0.3, 0.2, 0.1] distribution, in B_5 we have:
0    100.0%
Name: Fractional parts, dtype: object
====TRANSITION FREQUENCY TABLE======
For p=[0.4, 0.3, 0.2, 0.1] distribution, in B_5 we have:
(0, 0)    100.0%
Name: Transitions, dtype: object
